# E (eV) pdos(E) 
-25.210  0.252E-07
-25.200  0.288E-07
-25.190  0.329E-07
-25.180  0.376E-07
-25.170  0.430E-07
-25.160  0.490E-07
-25.150  0.559E-07
-25.140  0.638E-07
-25.130  0.726E-07
-25.120  0.826E-07
-25.110  0.940E-07
-25.100  0.107E-06
-25.090  0.121E-06
-25.080  0.138E-06
-25.070  0.156E-06
-25.060  0.177E-06
-25.050  0.201E-06
-25.040  0.228E-06
-25.030  0.258E-06
-25.020  0.291E-06
-25.010  0.329E-06
-25.000  0.372E-06
-24.990  0.419E-06
-24.980  0.472E-06
-24.970  0.532E-06
-24.960  0.600E-06
-24.950  0.675E-06
-24.940  0.759E-06
-24.930  0.853E-06
-24.920  0.958E-06
-24.910  0.108E-05
-24.900  0.121E-05
-24.890  0.135E-05
-24.880  0.151E-05
-24.870  0.169E-05
-24.860  0.189E-05
-24.850  0.212E-05
-24.840  0.236E-05
-24.830  0.264E-05
-24.820  0.294E-05
-24.810  0.328E-05
-24.800  0.366E-05
-24.790  0.407E-05
-24.780  0.453E-05
-24.770  0.504E-05
-24.760  0.560E-05
-24.750  0.621E-05
-24.740  0.689E-05
-24.730  0.764E-05
-24.720  0.846E-05
-24.710  0.937E-05
-24.700  0.104E-04
-24.690  0.115E-04
-24.680  0.127E-04
-24.670  0.140E-04
-24.660  0.154E-04
-24.650  0.170E-04
-24.640  0.188E-04
-24.630  0.206E-04
-24.620  0.228E-04
-24.610  0.250E-04
-24.600  0.274E-04
-24.590  0.302E-04
-24.580  0.331E-04
-24.570  0.363E-04
-24.560  0.398E-04
-24.550  0.436E-04
-24.540  0.477E-04
-24.530  0.522E-04
-24.520  0.570E-04
-24.510  0.623E-04
-24.500  0.680E-04
-24.490  0.742E-04
-24.480  0.809E-04
-24.470  0.881E-04
-24.460  0.959E-04
-24.450  0.104E-03
-24.440  0.113E-03
-24.430  0.123E-03
-24.420  0.134E-03
-24.410  0.145E-03
-24.400  0.157E-03
-24.390  0.171E-03
-24.380  0.185E-03
-24.370  0.200E-03
-24.360  0.216E-03
-24.350  0.234E-03
-24.340  0.252E-03
-24.330  0.272E-03
-24.320  0.294E-03
-24.310  0.316E-03
-24.300  0.340E-03
-24.290  0.366E-03
-24.280  0.394E-03
-24.270  0.424E-03
-24.260  0.455E-03
-24.250  0.488E-03
-24.240  0.524E-03
-24.230  0.562E-03
-24.220  0.602E-03
-24.210  0.644E-03
-24.200  0.689E-03
-24.190  0.736E-03
-24.180  0.787E-03
-24.170  0.840E-03
-24.160  0.896E-03
-24.150  0.956E-03
-24.140  0.102E-02
-24.130  0.108E-02
-24.120  0.115E-02
-24.110  0.123E-02
-24.100  0.130E-02
-24.090  0.138E-02
-24.080  0.147E-02
-24.070  0.156E-02
-24.060  0.165E-02
-24.050  0.175E-02
-24.040  0.185E-02
-24.030  0.196E-02
-24.020  0.206E-02
-24.010  0.218E-02
-24.000  0.230E-02
-23.990  0.243E-02
-23.980  0.256E-02
-23.970  0.270E-02
-23.960  0.284E-02
-23.950  0.298E-02
-23.940  0.314E-02
-23.930  0.330E-02
-23.920  0.346E-02
-23.910  0.364E-02
-23.900  0.382E-02
-23.890  0.400E-02
-23.880  0.418E-02
-23.870  0.438E-02
-23.860  0.458E-02
-23.850  0.478E-02
-23.840  0.499E-02
-23.830  0.520E-02
-23.820  0.543E-02
-23.810  0.566E-02
-23.800  0.590E-02
-23.790  0.614E-02
-23.780  0.638E-02
-23.770  0.663E-02
-23.760  0.688E-02
-23.750  0.715E-02
-23.740  0.742E-02
-23.730  0.768E-02
-23.720  0.796E-02
-23.710  0.824E-02
-23.700  0.852E-02
-23.690  0.881E-02
-23.680  0.910E-02
-23.670  0.940E-02
-23.660  0.970E-02
-23.650  0.100E-01
-23.640  0.103E-01
-23.630  0.106E-01
-23.620  0.109E-01
-23.610  0.112E-01
-23.600  0.115E-01
-23.590  0.118E-01
-23.580  0.121E-01
-23.570  0.124E-01
-23.560  0.128E-01
-23.550  0.131E-01
-23.540  0.134E-01
-23.530  0.137E-01
-23.520  0.140E-01
-23.510  0.143E-01
-23.500  0.146E-01
-23.490  0.148E-01
-23.480  0.151E-01
-23.470  0.154E-01
-23.460  0.157E-01
-23.450  0.159E-01
-23.440  0.162E-01
-23.430  0.164E-01
-23.420  0.167E-01
-23.410  0.169E-01
-23.400  0.172E-01
-23.390  0.174E-01
-23.380  0.176E-01
-23.370  0.178E-01
-23.360  0.180E-01
-23.350  0.181E-01
-23.340  0.183E-01
-23.330  0.185E-01
-23.320  0.186E-01
-23.310  0.187E-01
-23.300  0.188E-01
-23.290  0.189E-01
-23.280  0.190E-01
-23.270  0.191E-01
-23.260  0.192E-01
-23.250  0.192E-01
-23.240  0.193E-01
-23.230  0.193E-01
-23.220  0.193E-01
-23.210  0.193E-01
-23.200  0.192E-01
-23.190  0.192E-01
-23.180  0.191E-01
-23.170  0.191E-01
-23.160  0.190E-01
-23.150  0.189E-01
-23.140  0.188E-01
-23.130  0.186E-01
-23.120  0.185E-01
-23.110  0.183E-01
-23.100  0.182E-01
-23.090  0.180E-01
-23.080  0.178E-01
-23.070  0.176E-01
-23.060  0.174E-01
-23.050  0.171E-01
-23.040  0.169E-01
-23.030  0.166E-01
-23.020  0.164E-01
-23.010  0.161E-01
-23.000  0.158E-01
-22.990  0.155E-01
-22.980  0.152E-01
-22.970  0.148E-01
-22.960  0.145E-01
-22.950  0.142E-01
-22.940  0.138E-01
-22.930  0.135E-01
-22.920  0.131E-01
-22.910  0.128E-01
-22.900  0.124E-01
-22.890  0.121E-01
-22.880  0.117E-01
-22.870  0.113E-01
-22.860  0.109E-01
-22.850  0.105E-01
-22.840  0.102E-01
-22.830  0.978E-02
-22.820  0.940E-02
-22.810  0.902E-02
-22.800  0.864E-02
-22.790  0.826E-02
-22.780  0.789E-02
-22.770  0.752E-02
-22.760  0.714E-02
-22.750  0.678E-02
-22.740  0.642E-02
-22.730  0.606E-02
-22.720  0.571E-02
-22.710  0.536E-02
-22.700  0.502E-02
-22.690  0.468E-02
-22.680  0.436E-02
-22.670  0.404E-02
-22.660  0.372E-02
-22.650  0.341E-02
-22.640  0.312E-02
-22.630  0.282E-02
-22.620  0.254E-02
-22.610  0.226E-02
-22.600  0.200E-02
-22.590  0.174E-02
-22.580  0.149E-02
-22.570  0.125E-02
-22.560  0.102E-02
-22.550  0.802E-03
-22.540  0.590E-03
-22.530  0.388E-03
-22.520  0.194E-03
-22.510  0.100E-04
-22.500 -0.165E-03
-22.490 -0.331E-03
-22.480 -0.487E-03
-22.470 -0.635E-03
-22.460 -0.775E-03
-22.450 -0.905E-03
-22.440 -0.103E-02
-22.430 -0.114E-02
-22.420 -0.125E-02
-22.410 -0.134E-02
-22.400 -0.143E-02
-22.390 -0.151E-02
-22.380 -0.159E-02
-22.370 -0.166E-02
-22.360 -0.172E-02
-22.350 -0.177E-02
-22.340 -0.181E-02
-22.330 -0.185E-02
-22.320 -0.189E-02
-22.310 -0.192E-02
-22.300 -0.194E-02
-22.290 -0.196E-02
-22.280 -0.197E-02
-22.270 -0.198E-02
-22.260 -0.198E-02
-22.250 -0.198E-02
-22.240 -0.197E-02
-22.230 -0.196E-02
-22.220 -0.195E-02
-22.210 -0.193E-02
-22.200 -0.191E-02
-22.190 -0.189E-02
-22.180 -0.187E-02
-22.170 -0.184E-02
-22.160 -0.181E-02
-22.150 -0.178E-02
-22.140 -0.174E-02
-22.130 -0.171E-02
-22.120 -0.167E-02
-22.110 -0.163E-02
-22.100 -0.159E-02
-22.090 -0.155E-02
-22.080 -0.151E-02
-22.070 -0.147E-02
-22.060 -0.143E-02
-22.050 -0.139E-02
-22.040 -0.135E-02
-22.030 -0.130E-02
-22.020 -0.126E-02
-22.010 -0.122E-02
-22.000 -0.118E-02
-21.990 -0.114E-02
-21.980 -0.109E-02
-21.970 -0.105E-02
-21.960 -0.101E-02
-21.950 -0.974E-03
-21.940 -0.934E-03
-21.930 -0.896E-03
-21.920 -0.859E-03
-21.910 -0.822E-03
-21.900 -0.786E-03
-21.890 -0.752E-03
-21.880 -0.718E-03
-21.870 -0.685E-03
-21.860 -0.653E-03
-21.850 -0.622E-03
-21.840 -0.592E-03
-21.830 -0.562E-03
-21.820 -0.534E-03
-21.810 -0.508E-03
-21.800 -0.482E-03
-21.790 -0.456E-03
-21.780 -0.432E-03
-21.770 -0.408E-03
-21.760 -0.386E-03
-21.750 -0.365E-03
-21.740 -0.344E-03
-21.730 -0.325E-03
-21.720 -0.306E-03
-21.710 -0.288E-03
-21.700 -0.272E-03
-21.690 -0.256E-03
-21.680 -0.240E-03
-21.670 -0.225E-03
-21.660 -0.211E-03
-21.650 -0.198E-03
-21.640 -0.185E-03
-21.630 -0.173E-03
-21.620 -0.162E-03
-21.610 -0.152E-03
-21.600 -0.142E-03
-21.590 -0.132E-03
-21.580 -0.123E-03
-21.570 -0.115E-03
-21.560 -0.107E-03
-21.550 -0.994E-04
-21.540 -0.924E-04
-21.530 -0.858E-04
-21.520 -0.796E-04
-21.510 -0.739E-04
-21.500 -0.685E-04
-21.490 -0.634E-04
-21.480 -0.587E-04
-21.470 -0.543E-04
-21.460 -0.502E-04
-21.450 -0.464E-04
-21.440 -0.428E-04
-21.430 -0.394E-04
-21.420 -0.364E-04
-21.410 -0.334E-04
-21.400 -0.308E-04
-21.390 -0.283E-04
-21.380 -0.260E-04
-21.370 -0.238E-04
-21.360 -0.220E-04
-21.350 -0.201E-04
-21.340 -0.184E-04
-21.330 -0.169E-04
-21.320 -0.154E-04
-21.310 -0.141E-04
-21.300 -0.129E-04
-21.290 -0.118E-04
-21.280 -0.107E-04
-21.270 -0.978E-05
-21.260 -0.891E-05
-21.250 -0.811E-05
-21.240 -0.738E-05
-21.230 -0.670E-05
-21.220 -0.609E-05
-21.210 -0.553E-05
-21.200 -0.502E-05
-21.190 -0.454E-05
-21.180 -0.412E-05
-21.170 -0.373E-05
-21.160 -0.338E-05
-21.150 -0.305E-05
-21.140 -0.276E-05
-21.130 -0.248E-05
-21.120 -0.224E-05
-21.110 -0.202E-05
-21.100 -0.182E-05
-21.090 -0.164E-05
-21.080 -0.147E-05
-21.070 -0.132E-05
-21.060 -0.119E-05
-21.050 -0.107E-05
-21.040 -0.958E-06
-21.030 -0.859E-06
-21.020 -0.770E-06
-21.010 -0.689E-06
-21.000 -0.616E-06
-20.990 -0.551E-06
-20.980 -0.492E-06
-20.970 -0.440E-06
-20.960 -0.392E-06
-20.950 -0.350E-06
-20.940 -0.311E-06
-20.930 -0.277E-06
-20.920 -0.246E-06
-20.910 -0.219E-06
-20.900 -0.195E-06
-20.890 -0.173E-06
-20.880 -0.153E-06
-20.870 -0.136E-06
-20.860 -0.120E-06
-20.850 -0.106E-06
-20.840 -0.942E-07
-20.830 -0.832E-07
-20.820 -0.735E-07
-20.810 -0.648E-07
-20.800 -0.572E-07
-20.790 -0.504E-07
-20.780 -0.444E-07
-20.770 -0.390E-07
-20.760 -0.344E-07
-20.750 -0.302E-07
-20.740 -0.266E-07
-20.730 -0.232E-07
-20.720 -0.204E-07
-20.710 -0.179E-07
-20.700 -0.157E-07
-20.690 -0.137E-07
-20.680 -0.120E-07
-20.670 -0.105E-07
-20.660 -0.913E-08
-20.650 -0.795E-08
-20.640 -0.693E-08
-20.630 -0.604E-08
-20.620 -0.525E-08
-20.610 -0.456E-08
-20.600 -0.396E-08
-20.590 -0.344E-08
-20.580 -0.298E-08
-20.570 -0.256E-08
-20.560 -0.220E-08
-20.550 -0.190E-08
-20.540 -0.164E-08
-20.530 -0.141E-08
-20.520 -0.121E-08
-20.510 -0.104E-08
-20.500 -0.896E-09
-20.490 -0.772E-09
-20.480 -0.666E-09
-20.470 -0.574E-09
-20.460 -0.494E-09
-20.450 -0.424E-09
-20.440 -0.362E-09
-20.430 -0.300E-09
-20.420 -0.218E-09
-20.410 -0.172E-09
-20.400 -0.138E-09
-20.390 -0.110E-09
-20.380 -0.810E-10
-20.370 -0.534E-10
-20.360 -0.278E-10
-20.350 -0.134E-10
-20.340 -0.370E-11
-20.330  0.000E+00
-20.320  0.000E+00
-20.310  0.000E+00
-20.300  0.000E+00
-20.290  0.000E+00
-20.280  0.000E+00
-20.270  0.000E+00
-20.260  0.000E+00
-20.250  0.000E+00
-20.240  0.000E+00
-20.230  0.000E+00
-20.220  0.000E+00
-20.210  0.000E+00
-20.200  0.000E+00
-20.190  0.000E+00
-20.180  0.000E+00
-20.170  0.000E+00
-20.160  0.000E+00
-20.150  0.000E+00
-20.140  0.000E+00
-20.130  0.000E+00
-20.120  0.000E+00
-20.110  0.000E+00
-20.100  0.000E+00
-20.090  0.000E+00
-20.080  0.000E+00
-20.070  0.000E+00
-20.060  0.000E+00
-20.050  0.000E+00
-20.040  0.000E+00
-20.030  0.000E+00
-20.020  0.000E+00
-20.010  0.000E+00
-20.000  0.000E+00
-19.990  0.000E+00
-19.980  0.000E+00
-19.970  0.000E+00
-19.960  0.000E+00
-19.950  0.000E+00
-19.940  0.000E+00
-19.930  0.000E+00
-19.920  0.000E+00
-19.910  0.000E+00
-19.900  0.000E+00
-19.890  0.000E+00
-19.880  0.000E+00
-19.870  0.000E+00
-19.860  0.000E+00
-19.850  0.000E+00
-19.840  0.000E+00
-19.830  0.000E+00
-19.820  0.000E+00
-19.810  0.000E+00
-19.800  0.000E+00
-19.790  0.000E+00
-19.780  0.000E+00
-19.770  0.000E+00
-19.760  0.000E+00
-19.750  0.000E+00
-19.740  0.000E+00
-19.730  0.000E+00
-19.720  0.000E+00
-19.710  0.000E+00
-19.700  0.000E+00
-19.690  0.000E+00
-19.680  0.000E+00
-19.670  0.000E+00
-19.660  0.000E+00
-19.650  0.000E+00
-19.640  0.000E+00
-19.630  0.000E+00
-19.620  0.000E+00
-19.610  0.000E+00
-19.600  0.000E+00
-19.590  0.000E+00
-19.580  0.000E+00
-19.570  0.000E+00
-19.560  0.000E+00
-19.550  0.000E+00
-19.540  0.000E+00
-19.530  0.000E+00
-19.520  0.000E+00
-19.510  0.000E+00
-19.500  0.000E+00
-19.490  0.000E+00
-19.480  0.000E+00
-19.470  0.000E+00
-19.460  0.000E+00
-19.450  0.000E+00
-19.440  0.000E+00
-19.430  0.000E+00
-19.420  0.000E+00
-19.410  0.000E+00
-19.400  0.000E+00
-19.390  0.000E+00
-19.380  0.000E+00
-19.370  0.000E+00
-19.360  0.000E+00
-19.350  0.000E+00
-19.340  0.000E+00
-19.330  0.000E+00
-19.320  0.000E+00
-19.310  0.000E+00
-19.300  0.000E+00
-19.290  0.000E+00
-19.280  0.000E+00
-19.270  0.000E+00
-19.260  0.000E+00
-19.250  0.000E+00
-19.240  0.000E+00
-19.230  0.000E+00
-19.220  0.000E+00
-19.210  0.000E+00
-19.200  0.000E+00
-19.190  0.000E+00
-19.180  0.000E+00
-19.170  0.000E+00
-19.160  0.000E+00
-19.150  0.000E+00
-19.140  0.000E+00
-19.130  0.000E+00
-19.120  0.000E+00
-19.110  0.000E+00
-19.100  0.000E+00
-19.090  0.000E+00
-19.080  0.000E+00
-19.070  0.000E+00
-19.060  0.000E+00
-19.050  0.000E+00
-19.040  0.000E+00
-19.030  0.000E+00
-19.020  0.000E+00
-19.010  0.000E+00
-19.000  0.000E+00
-18.990  0.000E+00
-18.980  0.000E+00
-18.970  0.000E+00
-18.960  0.000E+00
-18.950  0.000E+00
-18.940  0.000E+00
-18.930  0.000E+00
-18.920  0.000E+00
-18.910  0.000E+00
-18.900  0.000E+00
-18.890  0.000E+00
-18.880  0.000E+00
-18.870  0.000E+00
-18.860  0.000E+00
-18.850  0.000E+00
-18.840  0.000E+00
-18.830  0.000E+00
-18.820  0.000E+00
-18.810  0.000E+00
-18.800  0.000E+00
-18.790  0.000E+00
-18.780  0.000E+00
-18.770  0.000E+00
-18.760  0.000E+00
-18.750  0.000E+00
-18.740  0.000E+00
-18.730  0.000E+00
-18.720  0.000E+00
-18.710  0.000E+00
-18.700  0.000E+00
-18.690  0.000E+00
-18.680  0.000E+00
-18.670  0.000E+00
-18.660  0.000E+00
-18.650  0.000E+00
-18.640  0.000E+00
-18.630  0.000E+00
-18.620  0.000E+00
-18.610  0.000E+00
-18.600  0.000E+00
-18.590  0.000E+00
-18.580  0.000E+00
-18.570  0.000E+00
-18.560  0.000E+00
-18.550  0.000E+00
-18.540  0.000E+00
-18.530  0.000E+00
-18.520  0.000E+00
-18.510  0.000E+00
-18.500  0.000E+00
-18.490  0.000E+00
-18.480  0.000E+00
-18.470  0.000E+00
-18.460  0.000E+00
-18.450  0.000E+00
-18.440  0.000E+00
-18.430  0.000E+00
-18.420  0.000E+00
-18.410  0.000E+00
-18.400  0.000E+00
-18.390  0.000E+00
-18.380  0.000E+00
-18.370  0.000E+00
-18.360  0.000E+00
-18.350  0.000E+00
-18.340  0.000E+00
-18.330  0.000E+00
-18.320  0.000E+00
-18.310  0.000E+00
-18.300  0.000E+00
-18.290  0.000E+00
-18.280  0.000E+00
-18.270  0.000E+00
-18.260  0.000E+00
-18.250  0.000E+00
-18.240  0.000E+00
-18.230  0.000E+00
-18.220  0.000E+00
-18.210  0.000E+00
-18.200  0.000E+00
-18.190  0.000E+00
-18.180  0.000E+00
-18.170  0.000E+00
-18.160  0.000E+00
-18.150  0.000E+00
-18.140  0.000E+00
-18.130  0.000E+00
-18.120  0.000E+00
-18.110  0.000E+00
-18.100  0.000E+00
-18.090  0.000E+00
-18.080  0.000E+00
-18.070  0.000E+00
-18.060  0.000E+00
-18.050  0.000E+00
-18.040  0.000E+00
-18.030  0.000E+00
-18.020  0.000E+00
-18.010  0.000E+00
-18.000  0.000E+00
-17.990  0.000E+00
-17.980  0.000E+00
-17.970  0.000E+00
-17.960  0.000E+00
-17.950  0.000E+00
-17.940  0.000E+00
-17.930  0.000E+00
-17.920  0.000E+00
-17.910  0.000E+00
-17.900  0.000E+00
-17.890  0.000E+00
-17.880  0.000E+00
-17.870  0.000E+00
-17.860  0.000E+00
-17.850  0.000E+00
-17.840  0.000E+00
-17.830  0.000E+00
-17.820  0.000E+00
-17.810  0.000E+00
-17.800  0.000E+00
-17.790  0.000E+00
-17.780  0.000E+00
-17.770  0.000E+00
-17.760  0.000E+00
-17.750  0.000E+00
-17.740  0.000E+00
-17.730  0.000E+00
-17.720  0.000E+00
-17.710  0.000E+00
-17.700  0.000E+00
-17.690  0.000E+00
-17.680  0.000E+00
-17.670  0.000E+00
-17.660  0.000E+00
-17.650  0.000E+00
-17.640  0.000E+00
-17.630  0.000E+00
-17.620  0.000E+00
-17.610  0.000E+00
-17.600  0.000E+00
-17.590  0.000E+00
-17.580  0.000E+00
-17.570  0.000E+00
-17.560  0.000E+00
-17.550  0.000E+00
-17.540  0.000E+00
-17.530  0.000E+00
-17.520  0.000E+00
-17.510  0.000E+00
-17.500  0.000E+00
-17.490  0.000E+00
-17.480  0.000E+00
-17.470  0.000E+00
-17.460  0.000E+00
-17.450  0.000E+00
-17.440  0.000E+00
-17.430  0.000E+00
-17.420  0.000E+00
-17.410  0.000E+00
-17.400  0.000E+00
-17.390  0.000E+00
-17.380  0.000E+00
-17.370  0.000E+00
-17.360  0.000E+00
-17.350  0.000E+00
-17.340  0.000E+00
-17.330  0.000E+00
-17.320  0.000E+00
-17.310  0.000E+00
-17.300  0.000E+00
-17.290  0.000E+00
-17.280  0.000E+00
-17.270  0.000E+00
-17.260  0.000E+00
-17.250  0.000E+00
-17.240  0.000E+00
-17.230  0.000E+00
-17.220  0.000E+00
-17.210  0.000E+00
-17.200  0.000E+00
-17.190  0.000E+00
-17.180  0.000E+00
-17.170  0.000E+00
-17.160  0.000E+00
-17.150  0.000E+00
-17.140  0.000E+00
-17.130  0.000E+00
-17.120  0.000E+00
-17.110  0.000E+00
-17.100  0.000E+00
-17.090  0.000E+00
-17.080  0.000E+00
-17.070  0.000E+00
-17.060  0.000E+00
-17.050  0.000E+00
-17.040  0.000E+00
-17.030  0.000E+00
-17.020  0.000E+00
-17.010  0.000E+00
-17.000  0.000E+00
-16.990  0.000E+00
-16.980  0.000E+00
-16.970  0.000E+00
-16.960  0.000E+00
-16.950  0.000E+00
-16.940  0.000E+00
-16.930  0.000E+00
-16.920  0.000E+00
-16.910  0.000E+00
-16.900  0.000E+00
-16.890  0.000E+00
-16.880  0.000E+00
-16.870  0.000E+00
-16.860  0.000E+00
-16.850  0.000E+00
-16.840  0.000E+00
-16.830  0.000E+00
-16.820  0.000E+00
-16.810  0.000E+00
-16.800  0.000E+00
-16.790  0.000E+00
-16.780  0.000E+00
-16.770  0.000E+00
-16.760  0.000E+00
-16.750  0.000E+00
-16.740  0.000E+00
-16.730  0.000E+00
-16.720  0.000E+00
-16.710  0.000E+00
-16.700  0.000E+00
-16.690  0.000E+00
-16.680  0.000E+00
-16.670  0.000E+00
-16.660  0.000E+00
-16.650  0.000E+00
-16.640  0.000E+00
-16.630  0.000E+00
-16.620  0.000E+00
-16.610  0.000E+00
-16.600  0.000E+00
-16.590  0.000E+00
-16.580  0.000E+00
-16.570  0.000E+00
-16.560  0.000E+00
-16.550  0.000E+00
-16.540  0.000E+00
-16.530  0.000E+00
-16.520  0.000E+00
-16.510  0.000E+00
-16.500  0.000E+00
-16.490  0.000E+00
-16.480  0.000E+00
-16.470  0.000E+00
-16.460  0.000E+00
-16.450  0.000E+00
-16.440  0.000E+00
-16.430  0.000E+00
-16.420  0.000E+00
-16.410  0.000E+00
-16.400  0.000E+00
-16.390  0.000E+00
-16.380  0.000E+00
-16.370  0.000E+00
-16.360  0.000E+00
-16.350  0.000E+00
-16.340  0.000E+00
-16.330  0.000E+00
-16.320  0.000E+00
-16.310  0.000E+00
-16.300  0.000E+00
-16.290  0.000E+00
-16.280  0.000E+00
-16.270  0.000E+00
-16.260  0.000E+00
-16.250  0.000E+00
-16.240  0.000E+00
-16.230  0.000E+00
-16.220  0.000E+00
-16.210  0.000E+00
-16.200  0.000E+00
-16.190  0.000E+00
-16.180  0.000E+00
-16.170  0.000E+00
-16.160  0.000E+00
-16.150  0.000E+00
-16.140  0.000E+00
-16.130  0.000E+00
-16.120  0.000E+00
-16.110  0.000E+00
-16.100  0.000E+00
-16.090  0.000E+00
-16.080  0.000E+00
-16.070  0.000E+00
-16.060  0.000E+00
-16.050  0.000E+00
-16.040  0.000E+00
-16.030  0.000E+00
-16.020  0.000E+00
-16.010  0.000E+00
-16.000  0.000E+00
-15.990  0.000E+00
-15.980  0.000E+00
-15.970  0.000E+00
-15.960  0.000E+00
-15.950  0.000E+00
-15.940  0.000E+00
-15.930  0.000E+00
-15.920  0.000E+00
-15.910  0.000E+00
-15.900  0.000E+00
-15.890  0.000E+00
-15.880  0.000E+00
-15.870  0.000E+00
-15.860  0.000E+00
-15.850  0.000E+00
-15.840  0.000E+00
-15.830  0.000E+00
-15.820  0.000E+00
-15.810  0.000E+00
-15.800  0.000E+00
-15.790  0.000E+00
-15.780  0.000E+00
-15.770  0.000E+00
-15.760  0.000E+00
-15.750  0.000E+00
-15.740  0.000E+00
-15.730  0.000E+00
-15.720  0.000E+00
-15.710  0.000E+00
-15.700  0.000E+00
-15.690  0.000E+00
-15.680  0.000E+00
-15.670  0.000E+00
-15.660  0.000E+00
-15.650  0.000E+00
-15.640  0.000E+00
-15.630  0.000E+00
-15.620  0.000E+00
-15.610  0.000E+00
-15.600  0.000E+00
-15.590  0.000E+00
-15.580  0.000E+00
-15.570  0.000E+00
-15.560  0.000E+00
-15.550  0.000E+00
-15.540  0.000E+00
-15.530  0.000E+00
-15.520  0.000E+00
-15.510  0.000E+00
-15.500  0.000E+00
-15.490  0.000E+00
-15.480  0.000E+00
-15.470  0.000E+00
-15.460  0.000E+00
-15.450  0.000E+00
-15.440  0.000E+00
-15.430  0.000E+00
-15.420  0.000E+00
-15.410  0.000E+00
-15.400  0.000E+00
-15.390  0.000E+00
-15.380  0.000E+00
-15.370  0.000E+00
-15.360  0.000E+00
-15.350  0.000E+00
-15.340  0.000E+00
-15.330  0.000E+00
-15.320  0.000E+00
-15.310  0.000E+00
-15.300  0.000E+00
-15.290  0.000E+00
-15.280  0.000E+00
-15.270  0.000E+00
-15.260  0.000E+00
-15.250  0.000E+00
-15.240  0.000E+00
-15.230  0.000E+00
-15.220  0.000E+00
-15.210  0.000E+00
-15.200  0.000E+00
-15.190  0.000E+00
-15.180  0.000E+00
-15.170  0.000E+00
-15.160  0.000E+00
-15.150  0.000E+00
-15.140  0.000E+00
-15.130  0.000E+00
-15.120  0.000E+00
-15.110  0.000E+00
-15.100  0.000E+00
-15.090  0.000E+00
-15.080  0.000E+00
-15.070  0.000E+00
-15.060  0.000E+00
-15.050  0.000E+00
-15.040  0.000E+00
-15.030  0.000E+00
-15.020  0.000E+00
-15.010  0.000E+00
-15.000  0.000E+00
-14.990  0.000E+00
-14.980  0.000E+00
-14.970  0.000E+00
-14.960  0.000E+00
-14.950  0.000E+00
-14.940  0.000E+00
-14.930  0.000E+00
-14.920  0.000E+00
-14.910  0.000E+00
-14.900  0.000E+00
-14.890  0.000E+00
-14.880  0.000E+00
-14.870  0.000E+00
-14.860  0.000E+00
-14.850  0.000E+00
-14.840  0.000E+00
-14.830  0.000E+00
-14.820  0.000E+00
-14.810  0.000E+00
-14.800  0.000E+00
-14.790  0.000E+00
-14.780  0.000E+00
-14.770  0.000E+00
-14.760  0.000E+00
-14.750  0.000E+00
-14.740  0.000E+00
-14.730  0.000E+00
-14.720  0.000E+00
-14.710  0.000E+00
-14.700  0.000E+00
-14.690  0.000E+00
-14.680  0.000E+00
-14.670  0.000E+00
-14.660  0.000E+00
-14.650  0.000E+00
-14.640  0.000E+00
-14.630  0.000E+00
-14.620  0.000E+00
-14.610  0.000E+00
-14.600  0.000E+00
-14.590  0.000E+00
-14.580  0.000E+00
-14.570  0.000E+00
-14.560  0.000E+00
-14.550  0.000E+00
-14.540  0.000E+00
-14.530  0.000E+00
-14.520  0.000E+00
-14.510  0.000E+00
-14.500  0.000E+00
-14.490  0.000E+00
-14.480  0.000E+00
-14.470  0.000E+00
-14.460  0.000E+00
-14.450  0.000E+00
-14.440  0.000E+00
-14.430  0.000E+00
-14.420  0.000E+00
-14.410  0.000E+00
-14.400  0.000E+00
-14.390  0.000E+00
-14.380  0.000E+00
-14.370  0.000E+00
-14.360  0.000E+00
-14.350  0.000E+00
-14.340  0.000E+00
-14.330  0.000E+00
-14.320  0.000E+00
-14.310  0.000E+00
-14.300  0.000E+00
-14.290  0.000E+00
-14.280  0.000E+00
-14.270  0.000E+00
-14.260  0.000E+00
-14.250  0.000E+00
-14.240  0.000E+00
-14.230  0.000E+00
-14.220  0.000E+00
-14.210  0.000E+00
-14.200  0.000E+00
-14.190  0.000E+00
-14.180  0.000E+00
-14.170  0.000E+00
-14.160  0.000E+00
-14.150  0.000E+00
-14.140  0.000E+00
-14.130  0.000E+00
-14.120  0.000E+00
-14.110  0.000E+00
-14.100  0.604E-17
-14.090  0.444E-16
-14.080  0.546E-16
-14.070  0.670E-16
-14.060  0.128E-15
-14.050  0.157E-15
-14.040  0.248E-15
-14.030  0.304E-15
-14.020  0.372E-15
-14.010  0.456E-15
-14.000  0.684E-15
-13.990  0.838E-15
-13.980  0.103E-14
-13.970  0.133E-14
-13.960  0.162E-14
-13.950  0.198E-14
-13.940  0.242E-14
-13.930  0.304E-14
-13.920  0.370E-14
-13.910  0.468E-14
-13.900  0.570E-14
-13.890  0.696E-14
-13.880  0.846E-14
-13.870  0.104E-13
-13.860  0.126E-13
-13.850  0.153E-13
-13.840  0.186E-13
-13.830  0.226E-13
-13.820  0.276E-13
-13.810  0.334E-13
-13.800  0.408E-13
-13.790  0.494E-13
-13.780  0.596E-13
-13.770  0.722E-13
-13.760  0.872E-13
-13.750  0.105E-12
-13.740  0.127E-12
-13.730  0.153E-12
-13.720  0.184E-12
-13.710  0.222E-12
-13.700  0.268E-12
-13.690  0.322E-12
-13.680  0.386E-12
-13.670  0.464E-12
-13.660  0.556E-12
-13.650  0.668E-12
-13.640  0.800E-12
-13.630  0.958E-12
-13.620  0.115E-11
-13.610  0.137E-11
-13.600  0.164E-11
-13.590  0.196E-11
-13.580  0.234E-11
-13.570  0.278E-11
-13.560  0.332E-11
-13.550  0.396E-11
-13.540  0.472E-11
-13.530  0.560E-11
-13.520  0.666E-11
-13.510  0.792E-11
-13.500  0.940E-11
-13.490  0.112E-10
-13.480  0.132E-10
-13.470  0.157E-10
-13.460  0.186E-10
-13.450  0.220E-10
-13.440  0.260E-10
-13.430  0.306E-10
-13.420  0.362E-10
-13.410  0.428E-10
-13.400  0.504E-10
-13.390  0.594E-10
-13.380  0.700E-10
-13.370  0.824E-10
-13.360  0.970E-10
-13.350  0.114E-09
-13.340  0.134E-09
-13.330  0.157E-09
-13.320  0.184E-09
-13.310  0.216E-09
-13.300  0.254E-09
-13.290  0.296E-09
-13.280  0.346E-09
-13.270  0.406E-09
-13.260  0.474E-09
-13.250  0.554E-09
-13.240  0.646E-09
-13.230  0.754E-09
-13.220  0.878E-09
-13.210  0.102E-08
-13.200  0.119E-08
-13.190  0.138E-08
-13.180  0.161E-08
-13.170  0.187E-08
-13.160  0.216E-08
-13.150  0.252E-08
-13.140  0.292E-08
-13.130  0.338E-08
-13.120  0.392E-08
-13.110  0.452E-08
-13.100  0.524E-08
-13.090  0.604E-08
-13.080  0.698E-08
-13.070  0.806E-08
-13.060  0.928E-08
-13.050  0.107E-07
-13.040  0.123E-07
-13.030  0.142E-07
-13.020  0.163E-07
-13.010  0.187E-07
-13.000  0.216E-07
-12.990  0.248E-07
-12.980  0.284E-07
-12.970  0.324E-07
-12.960  0.372E-07
-12.950  0.426E-07
-12.940  0.488E-07
-12.930  0.558E-07
-12.920  0.636E-07
-12.910  0.728E-07
-12.900  0.830E-07
-12.890  0.946E-07
-12.880  0.108E-06
-12.870  0.123E-06
-12.860  0.140E-06
-12.850  0.159E-06
-12.840  0.181E-06
-12.830  0.206E-06
-12.820  0.232E-06
-12.810  0.264E-06
-12.800  0.300E-06
-12.790  0.340E-06
-12.780  0.384E-06
-12.770  0.434E-06
-12.760  0.492E-06
-12.750  0.554E-06
-12.740  0.626E-06
-12.730  0.706E-06
-12.720  0.798E-06
-12.710  0.898E-06
-12.700  0.101E-05
-12.690  0.114E-05
-12.680  0.128E-05
-12.670  0.144E-05
-12.660  0.162E-05
-12.650  0.181E-05
-12.640  0.204E-05
-12.630  0.228E-05
-12.620  0.256E-05
-12.610  0.286E-05
-12.600  0.320E-05
-12.590  0.358E-05
-12.580  0.400E-05
-12.570  0.446E-05
-12.560  0.498E-05
-12.550  0.556E-05
-12.540  0.620E-05
-12.530  0.690E-05
-12.520  0.768E-05
-12.510  0.854E-05
-12.500  0.950E-05
-12.490  0.106E-04
-12.480  0.117E-04
-12.470  0.130E-04
-12.460  0.144E-04
-12.450  0.160E-04
-12.440  0.177E-04
-12.430  0.196E-04
-12.420  0.216E-04
-12.410  0.240E-04
-12.400  0.264E-04
-12.390  0.292E-04
-12.380  0.322E-04
-12.370  0.354E-04
-12.360  0.390E-04
-12.350  0.430E-04
-12.340  0.474E-04
-12.330  0.520E-04
-12.320  0.572E-04
-12.310  0.628E-04
-12.300  0.690E-04
-12.290  0.756E-04
-12.280  0.829E-04
-12.270  0.908E-04
-12.260  0.994E-04
-12.250  0.109E-03
-12.240  0.119E-03
-12.230  0.130E-03
-12.220  0.142E-03
-12.210  0.155E-03
-12.200  0.169E-03
-12.190  0.184E-03
-12.180  0.200E-03
-12.170  0.218E-03
-12.160  0.238E-03
-12.150  0.258E-03
-12.140  0.280E-03
-12.130  0.304E-03
-12.120  0.330E-03
-12.110  0.358E-03
-12.100  0.388E-03
-12.090  0.420E-03
-12.080  0.454E-03
-12.070  0.492E-03
-12.060  0.532E-03
-12.050  0.574E-03
-12.040  0.620E-03
-12.030  0.668E-03
-12.020  0.722E-03
-12.010  0.778E-03
-12.000  0.838E-03
-11.990  0.901E-03
-11.980  0.970E-03
-11.970  0.104E-02
-11.960  0.112E-02
-11.950  0.120E-02
-11.940  0.129E-02
-11.930  0.138E-02
-11.920  0.148E-02
-11.910  0.159E-02
-11.900  0.170E-02
-11.890  0.182E-02
-11.880  0.194E-02
-11.870  0.208E-02
-11.860  0.222E-02
-11.850  0.236E-02
-11.840  0.252E-02
-11.830  0.268E-02
-11.820  0.286E-02
-11.810  0.304E-02
-11.800  0.324E-02
-11.790  0.344E-02
-11.780  0.366E-02
-11.770  0.390E-02
-11.760  0.414E-02
-11.750  0.438E-02
-11.740  0.464E-02
-11.730  0.492E-02
-11.720  0.522E-02
-11.710  0.552E-02
-11.700  0.584E-02
-11.690  0.618E-02
-11.680  0.652E-02
-11.670  0.688E-02
-11.660  0.726E-02
-11.650  0.766E-02
-11.640  0.808E-02
-11.630  0.850E-02
-11.620  0.896E-02
-11.610  0.942E-02
-11.600  0.990E-02
-11.590  0.104E-01
-11.580  0.109E-01
-11.570  0.115E-01
-11.560  0.121E-01
-11.550  0.126E-01
-11.540  0.132E-01
-11.530  0.139E-01
-11.520  0.145E-01
-11.510  0.152E-01
-11.500  0.159E-01
-11.490  0.166E-01
-11.480  0.174E-01
-11.470  0.181E-01
-11.460  0.189E-01
-11.450  0.197E-01
-11.440  0.206E-01
-11.430  0.214E-01
-11.420  0.224E-01
-11.410  0.232E-01
-11.400  0.242E-01
-11.390  0.252E-01
-11.380  0.260E-01
-11.370  0.270E-01
-11.360  0.282E-01
-11.350  0.292E-01
-11.340  0.302E-01
-11.330  0.314E-01
-11.320  0.324E-01
-11.310  0.336E-01
-11.300  0.348E-01
-11.290  0.360E-01
-11.280  0.372E-01
-11.270  0.384E-01
-11.260  0.398E-01
-11.250  0.410E-01
-11.240  0.424E-01
-11.230  0.436E-01
-11.220  0.450E-01
-11.210  0.464E-01
-11.200  0.478E-01
-11.190  0.492E-01
-11.180  0.506E-01
-11.170  0.520E-01
-11.160  0.536E-01
-11.150  0.550E-01
-11.140  0.566E-01
-11.130  0.580E-01
-11.120  0.596E-01
-11.110  0.612E-01
-11.100  0.626E-01
-11.090  0.642E-01
-11.080  0.658E-01
-11.070  0.674E-01
-11.060  0.690E-01
-11.050  0.706E-01
-11.040  0.722E-01
-11.030  0.738E-01
-11.020  0.756E-01
-11.010  0.772E-01
-11.000  0.788E-01
-10.990  0.804E-01
-10.980  0.822E-01
-10.970  0.838E-01
-10.960  0.854E-01
-10.950  0.872E-01
-10.940  0.888E-01
-10.930  0.904E-01
-10.920  0.922E-01
-10.910  0.938E-01
-10.900  0.954E-01
-10.890  0.972E-01
-10.880  0.988E-01
-10.870  0.100E+00
-10.860  0.102E+00
-10.850  0.104E+00
-10.840  0.105E+00
-10.830  0.107E+00
-10.820  0.109E+00
-10.810  0.110E+00
-10.800  0.112E+00
-10.790  0.114E+00
-10.780  0.115E+00
-10.770  0.117E+00
-10.760  0.119E+00
-10.750  0.120E+00
-10.740  0.122E+00
-10.730  0.123E+00
-10.720  0.125E+00
-10.710  0.126E+00
-10.700  0.128E+00
-10.690  0.130E+00
-10.680  0.131E+00
-10.670  0.133E+00
-10.660  0.134E+00
-10.650  0.136E+00
-10.640  0.137E+00
-10.630  0.139E+00
-10.620  0.140E+00
-10.610  0.142E+00
-10.600  0.143E+00
-10.590  0.145E+00
-10.580  0.146E+00
-10.570  0.148E+00
-10.560  0.149E+00
-10.550  0.151E+00
-10.540  0.152E+00
-10.530  0.153E+00
-10.520  0.155E+00
-10.510  0.156E+00
-10.500  0.158E+00
-10.490  0.159E+00
-10.480  0.161E+00
-10.470  0.162E+00
-10.460  0.163E+00
-10.450  0.165E+00
-10.440  0.166E+00
-10.430  0.168E+00
-10.420  0.169E+00
-10.410  0.170E+00
-10.400  0.172E+00
-10.390  0.173E+00
-10.380  0.174E+00
-10.370  0.176E+00
-10.360  0.177E+00
-10.350  0.179E+00
-10.340  0.180E+00
-10.330  0.181E+00
-10.320  0.183E+00
-10.310  0.184E+00
-10.300  0.185E+00
-10.290  0.187E+00
-10.280  0.188E+00
-10.270  0.189E+00
-10.260  0.191E+00
-10.250  0.192E+00
-10.240  0.193E+00
-10.230  0.194E+00
-10.220  0.196E+00
-10.210  0.197E+00
-10.200  0.198E+00
-10.190  0.199E+00
-10.180  0.200E+00
-10.170  0.202E+00
-10.160  0.203E+00
-10.150  0.204E+00
-10.140  0.206E+00
-10.130  0.206E+00
-10.120  0.208E+00
-10.110  0.208E+00
-10.100  0.210E+00
-10.090  0.210E+00
-10.080  0.212E+00
-10.070  0.212E+00
-10.060  0.214E+00
-10.050  0.214E+00
-10.040  0.216E+00
-10.030  0.216E+00
-10.020  0.218E+00
-10.010  0.218E+00
-10.000  0.218E+00
 -9.990  0.220E+00
 -9.980  0.220E+00
 -9.970  0.220E+00
 -9.960  0.222E+00
 -9.950  0.222E+00
 -9.940  0.222E+00
 -9.930  0.222E+00
 -9.920  0.223E+00
 -9.910  0.224E+00
 -9.900  0.224E+00
 -9.890  0.224E+00
 -9.880  0.224E+00
 -9.870  0.224E+00
 -9.860  0.224E+00
 -9.850  0.224E+00
 -9.840  0.224E+00
 -9.830  0.224E+00
 -9.820  0.224E+00
 -9.810  0.222E+00
 -9.800  0.222E+00
 -9.790  0.222E+00
 -9.780  0.222E+00
 -9.770  0.220E+00
 -9.760  0.220E+00
 -9.750  0.218E+00
 -9.740  0.218E+00
 -9.730  0.218E+00
 -9.720  0.216E+00
 -9.710  0.214E+00
 -9.700  0.214E+00
 -9.690  0.212E+00
 -9.680  0.212E+00
 -9.670  0.210E+00
 -9.660  0.208E+00
 -9.650  0.206E+00
 -9.640  0.204E+00
 -9.630  0.203E+00
 -9.620  0.202E+00
 -9.610  0.199E+00
 -9.600  0.197E+00
 -9.590  0.195E+00
 -9.580  0.193E+00
 -9.570  0.191E+00
 -9.560  0.189E+00
 -9.550  0.186E+00
 -9.540  0.184E+00
 -9.530  0.182E+00
 -9.520  0.179E+00
 -9.510  0.177E+00
 -9.500  0.174E+00
 -9.490  0.171E+00
 -9.480  0.169E+00
 -9.470  0.166E+00
 -9.460  0.163E+00
 -9.450  0.160E+00
 -9.440  0.158E+00
 -9.430  0.155E+00
 -9.420  0.152E+00
 -9.410  0.149E+00
 -9.400  0.146E+00
 -9.390  0.143E+00
 -9.380  0.140E+00
 -9.370  0.137E+00
 -9.360  0.134E+00
 -9.350  0.131E+00
 -9.340  0.128E+00
 -9.330  0.126E+00
 -9.320  0.123E+00
 -9.310  0.120E+00
 -9.300  0.117E+00
 -9.290  0.114E+00
 -9.280  0.111E+00
 -9.270  0.109E+00
 -9.260  0.106E+00
 -9.250  0.103E+00
 -9.240  0.101E+00
 -9.230  0.980E-01
 -9.220  0.956E-01
 -9.210  0.932E-01
 -9.200  0.908E-01
 -9.190  0.884E-01
 -9.180  0.862E-01
 -9.170  0.840E-01
 -9.160  0.820E-01
 -9.150  0.800E-01
 -9.140  0.780E-01
 -9.130  0.762E-01
 -9.120  0.744E-01
 -9.110  0.728E-01
 -9.100  0.712E-01
 -9.090  0.698E-01
 -9.080  0.684E-01
 -9.070  0.672E-01
 -9.060  0.660E-01
 -9.050  0.650E-01
 -9.040  0.640E-01
 -9.030  0.632E-01
 -9.020  0.626E-01
 -9.010  0.620E-01
 -9.000  0.616E-01
 -8.990  0.612E-01
 -8.980  0.610E-01
 -8.970  0.609E-01
 -8.960  0.610E-01
 -8.950  0.610E-01
 -8.940  0.614E-01
 -8.930  0.618E-01
 -8.920  0.624E-01
 -8.910  0.630E-01
 -8.900  0.638E-01
 -8.890  0.648E-01
 -8.880  0.658E-01
 -8.870  0.670E-01
 -8.860  0.682E-01
 -8.850  0.696E-01
 -8.840  0.712E-01
 -8.830  0.729E-01
 -8.820  0.748E-01
 -8.810  0.766E-01
 -8.800  0.786E-01
 -8.790  0.808E-01
 -8.780  0.832E-01
 -8.770  0.856E-01
 -8.760  0.881E-01
 -8.750  0.908E-01
 -8.740  0.935E-01
 -8.730  0.964E-01
 -8.720  0.994E-01
 -8.710  0.102E+00
 -8.700  0.106E+00
 -8.690  0.109E+00
 -8.680  0.112E+00
 -8.670  0.116E+00
 -8.660  0.119E+00
 -8.650  0.123E+00
 -8.640  0.127E+00
 -8.630  0.131E+00
 -8.620  0.134E+00
 -8.610  0.138E+00
 -8.600  0.142E+00
 -8.590  0.147E+00
 -8.580  0.151E+00
 -8.570  0.155E+00
 -8.560  0.159E+00
 -8.550  0.163E+00
 -8.540  0.168E+00
 -8.530  0.172E+00
 -8.520  0.177E+00
 -8.510  0.181E+00
 -8.500  0.186E+00
 -8.490  0.190E+00
 -8.480  0.195E+00
 -8.470  0.199E+00
 -8.460  0.204E+00
 -8.450  0.208E+00
 -8.440  0.212E+00
 -8.430  0.218E+00
 -8.420  0.222E+00
 -8.410  0.226E+00
 -8.400  0.230E+00
 -8.390  0.234E+00
 -8.380  0.240E+00
 -8.370  0.244E+00
 -8.360  0.248E+00
 -8.350  0.252E+00
 -8.340  0.256E+00
 -8.330  0.260E+00
 -8.320  0.264E+00
 -8.310  0.268E+00
 -8.300  0.272E+00
 -8.290  0.276E+00
 -8.280  0.278E+00
 -8.270  0.282E+00
 -8.260  0.286E+00
 -8.250  0.288E+00
 -8.240  0.292E+00
 -8.230  0.294E+00
 -8.220  0.298E+00
 -8.210  0.300E+00
 -8.200  0.304E+00
 -8.190  0.306E+00
 -8.180  0.308E+00
 -8.170  0.310E+00
 -8.160  0.312E+00
 -8.150  0.314E+00
 -8.140  0.316E+00
 -8.130  0.318E+00
 -8.120  0.320E+00
 -8.110  0.322E+00
 -8.100  0.322E+00
 -8.090  0.324E+00
 -8.080  0.324E+00
 -8.070  0.326E+00
 -8.060  0.326E+00
 -8.050  0.326E+00
 -8.040  0.328E+00
 -8.030  0.328E+00
 -8.020  0.328E+00
 -8.010  0.328E+00
 -8.000  0.328E+00
 -7.990  0.326E+00
 -7.980  0.326E+00
 -7.970  0.326E+00
 -7.960  0.326E+00
 -7.950  0.324E+00
 -7.940  0.324E+00
 -7.930  0.322E+00
 -7.920  0.320E+00
 -7.910  0.320E+00
 -7.900  0.318E+00
 -7.890  0.316E+00
 -7.880  0.314E+00
 -7.870  0.312E+00
 -7.860  0.312E+00
 -7.850  0.310E+00
 -7.840  0.308E+00
 -7.830  0.304E+00
 -7.820  0.302E+00
 -7.810  0.300E+00
 -7.800  0.298E+00
 -7.790  0.296E+00
 -7.780  0.294E+00
 -7.770  0.290E+00
 -7.760  0.288E+00
 -7.750  0.286E+00
 -7.740  0.282E+00
 -7.730  0.280E+00
 -7.720  0.278E+00
 -7.710  0.274E+00
 -7.700  0.272E+00
 -7.690  0.270E+00
 -7.680  0.266E+00
 -7.670  0.264E+00
 -7.660  0.260E+00
 -7.650  0.258E+00
 -7.640  0.256E+00
 -7.630  0.252E+00
 -7.620  0.250E+00
 -7.610  0.246E+00
 -7.600  0.244E+00
 -7.590  0.242E+00
 -7.580  0.238E+00
 -7.570  0.236E+00
 -7.560  0.234E+00
 -7.550  0.230E+00
 -7.540  0.228E+00
 -7.530  0.226E+00
 -7.520  0.224E+00
 -7.510  0.220E+00
 -7.500  0.218E+00
 -7.490  0.216E+00
 -7.480  0.214E+00
 -7.470  0.212E+00
 -7.460  0.208E+00
 -7.450  0.206E+00
 -7.440  0.204E+00
 -7.430  0.202E+00
 -7.420  0.200E+00
 -7.410  0.198E+00
 -7.400  0.196E+00
 -7.390  0.195E+00
 -7.380  0.193E+00
 -7.370  0.191E+00
 -7.360  0.189E+00
 -7.350  0.187E+00
 -7.340  0.186E+00
 -7.330  0.184E+00
 -7.320  0.183E+00
 -7.310  0.181E+00
 -7.300  0.179E+00
 -7.290  0.178E+00
 -7.280  0.177E+00
 -7.270  0.175E+00
 -7.260  0.174E+00
 -7.250  0.173E+00
 -7.240  0.171E+00
 -7.230  0.170E+00
 -7.220  0.169E+00
 -7.210  0.168E+00
 -7.200  0.167E+00
 -7.190  0.166E+00
 -7.180  0.165E+00
 -7.170  0.164E+00
 -7.160  0.163E+00
 -7.150  0.162E+00
 -7.140  0.161E+00
 -7.130  0.160E+00
 -7.120  0.159E+00
 -7.110  0.158E+00
 -7.100  0.157E+00
 -7.090  0.157E+00
 -7.080  0.156E+00
 -7.070  0.155E+00
 -7.060  0.154E+00
 -7.050  0.154E+00
 -7.040  0.153E+00
 -7.030  0.152E+00
 -7.020  0.151E+00
 -7.010  0.151E+00
 -7.000  0.150E+00
 -6.990  0.150E+00
 -6.980  0.149E+00
 -6.970  0.148E+00
 -6.960  0.148E+00
 -6.950  0.147E+00
 -6.940  0.146E+00
 -6.930  0.146E+00
 -6.920  0.145E+00
 -6.910  0.145E+00
 -6.900  0.144E+00
 -6.890  0.144E+00
 -6.880  0.143E+00
 -6.870  0.143E+00
 -6.860  0.142E+00
 -6.850  0.141E+00
 -6.840  0.141E+00
 -6.830  0.140E+00
 -6.820  0.140E+00
 -6.810  0.139E+00
 -6.800  0.139E+00
 -6.790  0.138E+00
 -6.780  0.138E+00
 -6.770  0.137E+00
 -6.760  0.137E+00
 -6.750  0.136E+00
 -6.740  0.136E+00
 -6.730  0.135E+00
 -6.720  0.135E+00
 -6.710  0.134E+00
 -6.700  0.134E+00
 -6.690  0.134E+00
 -6.680  0.133E+00
 -6.670  0.133E+00
 -6.660  0.132E+00
 -6.650  0.132E+00
 -6.640  0.131E+00
 -6.630  0.131E+00
 -6.620  0.130E+00
 -6.610  0.130E+00
 -6.600  0.129E+00
 -6.590  0.129E+00
 -6.580  0.129E+00
 -6.570  0.128E+00
 -6.560  0.128E+00
 -6.550  0.127E+00
 -6.540  0.127E+00
 -6.530  0.126E+00
 -6.520  0.126E+00
 -6.510  0.126E+00
 -6.500  0.125E+00
 -6.490  0.125E+00
 -6.480  0.124E+00
 -6.470  0.124E+00
 -6.460  0.124E+00
 -6.450  0.123E+00
 -6.440  0.123E+00
 -6.430  0.122E+00
 -6.420  0.122E+00
 -6.410  0.122E+00
 -6.400  0.121E+00
 -6.390  0.121E+00
 -6.380  0.121E+00
 -6.370  0.120E+00
 -6.360  0.120E+00
 -6.350  0.120E+00
 -6.340  0.119E+00
 -6.330  0.119E+00
 -6.320  0.119E+00
 -6.310  0.118E+00
 -6.300  0.118E+00
 -6.290  0.118E+00
 -6.280  0.117E+00
 -6.270  0.117E+00
 -6.260  0.117E+00
 -6.250  0.117E+00
 -6.240  0.116E+00
 -6.230  0.116E+00
 -6.220  0.116E+00
 -6.210  0.116E+00
 -6.200  0.115E+00
 -6.190  0.115E+00
 -6.180  0.115E+00
 -6.170  0.115E+00
 -6.160  0.114E+00
 -6.150  0.114E+00
 -6.140  0.114E+00
 -6.130  0.114E+00
 -6.120  0.114E+00
 -6.110  0.114E+00
 -6.100  0.113E+00
 -6.090  0.113E+00
 -6.080  0.113E+00
 -6.070  0.113E+00
 -6.060  0.113E+00
 -6.050  0.113E+00
 -6.040  0.113E+00
 -6.030  0.113E+00
 -6.020  0.113E+00
 -6.010  0.112E+00
 -6.000  0.112E+00
 -5.990  0.112E+00
 -5.980  0.112E+00
 -5.970  0.112E+00
 -5.960  0.112E+00
 -5.950  0.112E+00
 -5.940  0.112E+00
 -5.930  0.112E+00
 -5.920  0.112E+00
 -5.910  0.112E+00
 -5.900  0.112E+00
 -5.890  0.112E+00
 -5.880  0.112E+00
 -5.870  0.112E+00
 -5.860  0.112E+00
 -5.850  0.112E+00
 -5.840  0.113E+00
 -5.830  0.113E+00
 -5.820  0.113E+00
 -5.810  0.113E+00
 -5.800  0.113E+00
 -5.790  0.113E+00
 -5.780  0.113E+00
 -5.770  0.113E+00
 -5.760  0.113E+00
 -5.750  0.113E+00
 -5.740  0.114E+00
 -5.730  0.114E+00
 -5.720  0.114E+00
 -5.710  0.114E+00
 -5.700  0.114E+00
 -5.690  0.114E+00
 -5.680  0.115E+00
 -5.670  0.115E+00
 -5.660  0.115E+00
 -5.650  0.115E+00
 -5.640  0.115E+00
 -5.630  0.115E+00
 -5.620  0.116E+00
 -5.610  0.116E+00
 -5.600  0.116E+00
 -5.590  0.116E+00
 -5.580  0.117E+00
 -5.570  0.117E+00
 -5.560  0.117E+00
 -5.550  0.117E+00
 -5.540  0.118E+00
 -5.530  0.118E+00
 -5.520  0.118E+00
 -5.510  0.119E+00
 -5.500  0.119E+00
 -5.490  0.119E+00
 -5.480  0.120E+00
 -5.470  0.120E+00
 -5.460  0.120E+00
 -5.450  0.121E+00
 -5.440  0.121E+00
 -5.430  0.122E+00
 -5.420  0.122E+00
 -5.410  0.123E+00
 -5.400  0.124E+00
 -5.390  0.124E+00
 -5.380  0.125E+00
 -5.370  0.126E+00
 -5.360  0.127E+00
 -5.350  0.127E+00
 -5.340  0.128E+00
 -5.330  0.129E+00
 -5.320  0.130E+00
 -5.310  0.131E+00
 -5.300  0.133E+00
 -5.290  0.134E+00
 -5.280  0.135E+00
 -5.270  0.137E+00
 -5.260  0.138E+00
 -5.250  0.140E+00
 -5.240  0.141E+00
 -5.230  0.143E+00
 -5.220  0.145E+00
 -5.210  0.147E+00
 -5.200  0.149E+00
 -5.190  0.152E+00
 -5.180  0.154E+00
 -5.170  0.156E+00
 -5.160  0.159E+00
 -5.150  0.162E+00
 -5.140  0.165E+00
 -5.130  0.168E+00
 -5.120  0.171E+00
 -5.110  0.175E+00
 -5.100  0.178E+00
 -5.090  0.182E+00
 -5.080  0.186E+00
 -5.070  0.190E+00
 -5.060  0.194E+00
 -5.050  0.198E+00
 -5.040  0.202E+00
 -5.030  0.208E+00
 -5.020  0.212E+00
 -5.010  0.218E+00
 -5.000  0.224E+00
 -4.990  0.228E+00
 -4.980  0.234E+00
 -4.970  0.240E+00
 -4.960  0.246E+00
 -4.950  0.252E+00
 -4.940  0.260E+00
 -4.930  0.266E+00
 -4.920  0.272E+00
 -4.910  0.280E+00
 -4.900  0.288E+00
 -4.890  0.294E+00
 -4.880  0.302E+00
 -4.870  0.310E+00
 -4.860  0.318E+00
 -4.850  0.326E+00
 -4.840  0.334E+00
 -4.830  0.344E+00
 -4.820  0.352E+00
 -4.810  0.360E+00
 -4.800  0.370E+00
 -4.790  0.380E+00
 -4.780  0.388E+00
 -4.770  0.398E+00
 -4.760  0.408E+00
 -4.750  0.418E+00
 -4.740  0.428E+00
 -4.730  0.438E+00
 -4.720  0.448E+00
 -4.710  0.458E+00
 -4.700  0.468E+00
 -4.690  0.478E+00
 -4.680  0.488E+00
 -4.670  0.500E+00
 -4.660  0.510E+00
 -4.650  0.520E+00
 -4.640  0.530E+00
 -4.630  0.542E+00
 -4.620  0.552E+00
 -4.610  0.564E+00
 -4.600  0.574E+00
 -4.590  0.584E+00
 -4.580  0.596E+00
 -4.570  0.606E+00
 -4.560  0.618E+00
 -4.550  0.628E+00
 -4.540  0.640E+00
 -4.530  0.650E+00
 -4.520  0.660E+00
 -4.510  0.672E+00
 -4.500  0.682E+00
 -4.490  0.694E+00
 -4.480  0.704E+00
 -4.470  0.714E+00
 -4.460  0.726E+00
 -4.450  0.736E+00
 -4.440  0.746E+00
 -4.430  0.756E+00
 -4.420  0.768E+00
 -4.410  0.778E+00
 -4.400  0.788E+00
 -4.390  0.798E+00
 -4.380  0.810E+00
 -4.370  0.820E+00
 -4.360  0.830E+00
 -4.350  0.840E+00
 -4.340  0.850E+00
 -4.330  0.862E+00
 -4.320  0.872E+00
 -4.310  0.882E+00
 -4.300  0.892E+00
 -4.290  0.904E+00
 -4.280  0.914E+00
 -4.270  0.924E+00
 -4.260  0.936E+00
 -4.250  0.946E+00
 -4.240  0.956E+00
 -4.230  0.968E+00
 -4.220  0.978E+00
 -4.210  0.990E+00
 -4.200  0.100E+01
 -4.190  0.101E+01
 -4.180  0.102E+01
 -4.170  0.104E+01
 -4.160  0.105E+01
 -4.150  0.106E+01
 -4.140  0.107E+01
 -4.130  0.109E+01
 -4.120  0.110E+01
 -4.110  0.111E+01
 -4.100  0.113E+01
 -4.090  0.114E+01
 -4.080  0.115E+01
 -4.070  0.117E+01
 -4.060  0.118E+01
 -4.050  0.120E+01
 -4.040  0.121E+01
 -4.030  0.123E+01
 -4.020  0.124E+01
 -4.010  0.126E+01
 -4.000  0.128E+01
 -3.990  0.129E+01
 -3.980  0.131E+01
 -3.970  0.133E+01
 -3.960  0.135E+01
 -3.950  0.136E+01
 -3.940  0.138E+01
 -3.930  0.140E+01
 -3.920  0.142E+01
 -3.910  0.144E+01
 -3.900  0.146E+01
 -3.890  0.148E+01
 -3.880  0.150E+01
 -3.870  0.153E+01
 -3.860  0.155E+01
 -3.850  0.157E+01
 -3.840  0.159E+01
 -3.830  0.161E+01
 -3.820  0.164E+01
 -3.810  0.166E+01
 -3.800  0.168E+01
 -3.790  0.171E+01
 -3.780  0.173E+01
 -3.770  0.175E+01
 -3.760  0.178E+01
 -3.750  0.180E+01
 -3.740  0.183E+01
 -3.730  0.185E+01
 -3.720  0.187E+01
 -3.710  0.190E+01
 -3.700  0.192E+01
 -3.690  0.195E+01
 -3.680  0.197E+01
 -3.670  0.200E+01
 -3.660  0.202E+01
 -3.650  0.204E+01
 -3.640  0.206E+01
 -3.630  0.210E+01
 -3.620  0.212E+01
 -3.610  0.214E+01
 -3.600  0.216E+01
 -3.590  0.218E+01
 -3.580  0.220E+01
 -3.570  0.224E+01
 -3.560  0.226E+01
 -3.550  0.228E+01
 -3.540  0.230E+01
 -3.530  0.232E+01
 -3.520  0.234E+01
 -3.510  0.236E+01
 -3.500  0.238E+01
 -3.490  0.238E+01
 -3.480  0.240E+01
 -3.470  0.242E+01
 -3.460  0.244E+01
 -3.450  0.246E+01
 -3.440  0.246E+01
 -3.430  0.248E+01
 -3.420  0.250E+01
 -3.410  0.250E+01
 -3.400  0.252E+01
 -3.390  0.252E+01
 -3.380  0.254E+01
 -3.370  0.254E+01
 -3.360  0.256E+01
 -3.350  0.256E+01
 -3.340  0.256E+01
 -3.330  0.258E+01
 -3.320  0.258E+01
 -3.310  0.258E+01
 -3.300  0.258E+01
 -3.290  0.258E+01
 -3.280  0.258E+01
 -3.270  0.258E+01
 -3.260  0.258E+01
 -3.250  0.258E+01
 -3.240  0.258E+01
 -3.230  0.256E+01
 -3.220  0.256E+01
 -3.210  0.256E+01
 -3.200  0.256E+01
 -3.190  0.254E+01
 -3.180  0.254E+01
 -3.170  0.252E+01
 -3.160  0.252E+01
 -3.150  0.250E+01
 -3.140  0.250E+01
 -3.130  0.248E+01
 -3.120  0.246E+01
 -3.110  0.246E+01
 -3.100  0.244E+01
 -3.090  0.242E+01
 -3.080  0.240E+01
 -3.070  0.238E+01
 -3.060  0.238E+01
 -3.050  0.236E+01
 -3.040  0.234E+01
 -3.030  0.232E+01
 -3.020  0.230E+01
 -3.010  0.228E+01
 -3.000  0.226E+01
 -2.990  0.224E+01
 -2.980  0.222E+01
 -2.970  0.220E+01
 -2.960  0.216E+01
 -2.950  0.214E+01
 -2.940  0.212E+01
 -2.930  0.210E+01
 -2.920  0.208E+01
 -2.910  0.204E+01
 -2.900  0.202E+01
 -2.890  0.200E+01
 -2.880  0.197E+01
 -2.870  0.195E+01
 -2.860  0.192E+01
 -2.850  0.190E+01
 -2.840  0.187E+01
 -2.830  0.185E+01
 -2.820  0.182E+01
 -2.810  0.179E+01
 -2.800  0.177E+01
 -2.790  0.174E+01
 -2.780  0.171E+01
 -2.770  0.169E+01
 -2.760  0.166E+01
 -2.750  0.163E+01
 -2.740  0.161E+01
 -2.730  0.158E+01
 -2.720  0.155E+01
 -2.710  0.152E+01
 -2.700  0.150E+01
 -2.690  0.147E+01
 -2.680  0.144E+01
 -2.670  0.142E+01
 -2.660  0.139E+01
 -2.650  0.136E+01
 -2.640  0.134E+01
 -2.630  0.131E+01
 -2.620  0.128E+01
 -2.610  0.126E+01
 -2.600  0.123E+01
 -2.590  0.121E+01
 -2.580  0.118E+01
 -2.570  0.115E+01
 -2.560  0.113E+01
 -2.550  0.110E+01
 -2.540  0.108E+01
 -2.530  0.105E+01
 -2.520  0.103E+01
 -2.510  0.100E+01
 -2.500  0.980E+00
 -2.490  0.956E+00
 -2.480  0.932E+00
 -2.470  0.908E+00
 -2.460  0.884E+00
 -2.450  0.862E+00
 -2.440  0.838E+00
 -2.430  0.816E+00
 -2.420  0.794E+00
 -2.410  0.772E+00
 -2.400  0.750E+00
 -2.390  0.730E+00
 -2.380  0.709E+00
 -2.370  0.688E+00
 -2.360  0.668E+00
 -2.350  0.650E+00
 -2.340  0.630E+00
 -2.330  0.612E+00
 -2.320  0.593E+00
 -2.310  0.576E+00
 -2.300  0.558E+00
 -2.290  0.540E+00
 -2.280  0.524E+00
 -2.270  0.508E+00
 -2.260  0.494E+00
 -2.250  0.478E+00
 -2.240  0.464E+00
 -2.230  0.450E+00
 -2.220  0.436E+00
 -2.210  0.424E+00
 -2.200  0.412E+00
 -2.190  0.400E+00
 -2.180  0.390E+00
 -2.170  0.378E+00
 -2.160  0.370E+00
 -2.150  0.360E+00
 -2.140  0.352E+00
 -2.130  0.344E+00
 -2.120  0.336E+00
 -2.110  0.330E+00
 -2.100  0.324E+00
 -2.090  0.318E+00
 -2.080  0.314E+00
 -2.070  0.310E+00
 -2.060  0.306E+00
 -2.050  0.304E+00
 -2.040  0.302E+00
 -2.030  0.300E+00
 -2.020  0.300E+00
 -2.010  0.300E+00
 -2.000  0.302E+00
 -1.990  0.302E+00
 -1.980  0.304E+00
 -1.970  0.308E+00
 -1.960  0.310E+00
 -1.950  0.316E+00
 -1.940  0.320E+00
 -1.930  0.326E+00
 -1.920  0.332E+00
 -1.910  0.338E+00
 -1.900  0.346E+00
 -1.890  0.354E+00
 -1.880  0.362E+00
 -1.870  0.370E+00
 -1.860  0.380E+00
 -1.850  0.390E+00
 -1.840  0.402E+00
 -1.830  0.412E+00
 -1.820  0.424E+00
 -1.810  0.438E+00
 -1.800  0.450E+00
 -1.790  0.464E+00
 -1.780  0.476E+00
 -1.770  0.492E+00
 -1.760  0.506E+00
 -1.750  0.520E+00
 -1.740  0.536E+00
 -1.730  0.552E+00
 -1.720  0.568E+00
 -1.710  0.584E+00
 -1.700  0.600E+00
 -1.690  0.616E+00
 -1.680  0.634E+00
 -1.670  0.650E+00
 -1.660  0.668E+00
 -1.650  0.686E+00
 -1.640  0.703E+00
 -1.630  0.720E+00
 -1.620  0.738E+00
 -1.610  0.756E+00
 -1.600  0.774E+00
 -1.590  0.792E+00
 -1.580  0.809E+00
 -1.570  0.826E+00
 -1.560  0.844E+00
 -1.550  0.862E+00
 -1.540  0.878E+00
 -1.530  0.896E+00
 -1.520  0.912E+00
 -1.510  0.930E+00
 -1.500  0.946E+00
 -1.490  0.962E+00
 -1.480  0.978E+00
 -1.470  0.992E+00
 -1.460  0.101E+01
 -1.450  0.102E+01
 -1.440  0.104E+01
 -1.430  0.105E+01
 -1.420  0.107E+01
 -1.410  0.108E+01
 -1.400  0.109E+01
 -1.390  0.110E+01
 -1.380  0.112E+01
 -1.370  0.113E+01
 -1.360  0.114E+01
 -1.350  0.115E+01
 -1.340  0.116E+01
 -1.330  0.117E+01
 -1.320  0.118E+01
 -1.310  0.119E+01
 -1.300  0.120E+01
 -1.290  0.120E+01
 -1.280  0.121E+01
 -1.270  0.122E+01
 -1.260  0.122E+01
 -1.250  0.123E+01
 -1.240  0.123E+01
 -1.230  0.124E+01
 -1.220  0.124E+01
 -1.210  0.125E+01
 -1.200  0.125E+01
 -1.190  0.125E+01
 -1.180  0.126E+01
 -1.170  0.126E+01
 -1.160  0.126E+01
 -1.150  0.126E+01
 -1.140  0.126E+01
 -1.130  0.126E+01
 -1.120  0.126E+01
 -1.110  0.126E+01
 -1.100  0.126E+01
 -1.090  0.126E+01
 -1.080  0.126E+01
 -1.070  0.126E+01
 -1.060  0.126E+01
 -1.050  0.126E+01
 -1.040  0.125E+01
 -1.030  0.125E+01
 -1.020  0.125E+01
 -1.010  0.125E+01
 -1.000  0.125E+01
 -0.990  0.124E+01
 -0.980  0.124E+01
 -0.970  0.124E+01
 -0.960  0.123E+01
 -0.950  0.123E+01
 -0.940  0.123E+01
 -0.930  0.123E+01
 -0.920  0.122E+01
 -0.910  0.122E+01
 -0.900  0.122E+01
 -0.890  0.122E+01
 -0.880  0.122E+01
 -0.870  0.121E+01
 -0.860  0.121E+01
 -0.850  0.121E+01
 -0.840  0.121E+01
 -0.830  0.121E+01
 -0.820  0.121E+01
 -0.810  0.120E+01
 -0.800  0.120E+01
 -0.790  0.120E+01
 -0.780  0.120E+01
 -0.770  0.120E+01
 -0.760  0.120E+01
 -0.750  0.120E+01
 -0.740  0.120E+01
 -0.730  0.121E+01
 -0.720  0.121E+01
 -0.710  0.121E+01
 -0.700  0.121E+01
 -0.690  0.121E+01
 -0.680  0.121E+01
 -0.670  0.122E+01
 -0.660  0.122E+01
 -0.650  0.122E+01
 -0.640  0.123E+01
 -0.630  0.123E+01
 -0.620  0.123E+01
 -0.610  0.124E+01
 -0.600  0.124E+01
 -0.590  0.125E+01
 -0.580  0.125E+01
 -0.570  0.125E+01
 -0.560  0.126E+01
 -0.550  0.126E+01
 -0.540  0.127E+01
 -0.530  0.128E+01
 -0.520  0.128E+01
 -0.510  0.129E+01
 -0.500  0.129E+01
 -0.490  0.130E+01
 -0.480  0.130E+01
 -0.470  0.131E+01
 -0.460  0.132E+01
 -0.450  0.132E+01
 -0.440  0.133E+01
 -0.430  0.133E+01
 -0.420  0.134E+01
 -0.410  0.135E+01
 -0.400  0.135E+01
 -0.390  0.136E+01
 -0.380  0.136E+01
 -0.370  0.137E+01
 -0.360  0.137E+01
 -0.350  0.138E+01
 -0.340  0.138E+01
 -0.330  0.139E+01
 -0.320  0.139E+01
 -0.310  0.140E+01
 -0.300  0.140E+01
 -0.290  0.141E+01
 -0.280  0.141E+01
 -0.270  0.141E+01
 -0.260  0.142E+01
 -0.250  0.142E+01
 -0.240  0.142E+01
 -0.230  0.142E+01
 -0.220  0.143E+01
 -0.210  0.143E+01
 -0.200  0.143E+01
 -0.190  0.143E+01
 -0.180  0.143E+01
 -0.170  0.143E+01
 -0.160  0.143E+01
 -0.150  0.143E+01
 -0.140  0.142E+01
 -0.130  0.142E+01
 -0.120  0.142E+01
 -0.110  0.142E+01
 -0.100  0.141E+01
 -0.090  0.141E+01
 -0.080  0.140E+01
 -0.070  0.140E+01
 -0.060  0.139E+01
 -0.050  0.139E+01
 -0.040  0.138E+01
 -0.030  0.137E+01
 -0.020  0.136E+01
 -0.010  0.135E+01
 -0.000  0.135E+01
  0.010  0.134E+01
  0.020  0.133E+01
  0.030  0.132E+01
  0.040  0.131E+01
  0.050  0.129E+01
  0.060  0.128E+01
  0.070  0.127E+01
  0.080  0.126E+01
  0.090  0.124E+01
  0.100  0.123E+01
  0.110  0.122E+01
  0.120  0.120E+01
  0.130  0.119E+01
  0.140  0.117E+01
  0.150  0.116E+01
  0.160  0.114E+01
  0.170  0.112E+01
  0.180  0.111E+01
  0.190  0.109E+01
  0.200  0.108E+01
  0.210  0.106E+01
  0.220  0.104E+01
  0.230  0.102E+01
  0.240  0.101E+01
  0.250  0.990E+00
  0.260  0.972E+00
  0.270  0.954E+00
  0.280  0.936E+00
  0.290  0.919E+00
  0.300  0.902E+00
  0.310  0.884E+00
  0.320  0.866E+00
  0.330  0.850E+00
  0.340  0.832E+00
  0.350  0.816E+00
  0.360  0.798E+00
  0.370  0.782E+00
  0.380  0.766E+00
  0.390  0.750E+00
  0.400  0.734E+00
  0.410  0.718E+00
  0.420  0.704E+00
  0.430  0.688E+00
  0.440  0.674E+00
  0.450  0.660E+00
  0.460  0.646E+00
  0.470  0.634E+00
  0.480  0.620E+00
  0.490  0.608E+00
  0.500  0.598E+00
  0.510  0.586E+00
  0.520  0.576E+00
  0.530  0.566E+00
  0.540  0.556E+00
  0.550  0.547E+00
  0.560  0.538E+00
  0.570  0.530E+00
  0.580  0.524E+00
  0.590  0.518E+00
  0.600  0.512E+00
  0.610  0.506E+00
  0.620  0.500E+00
  0.630  0.496E+00
  0.640  0.493E+00
  0.650  0.490E+00
  0.660  0.488E+00
  0.670  0.486E+00
  0.680  0.484E+00
  0.690  0.484E+00
  0.700  0.484E+00
  0.710  0.484E+00
  0.720  0.486E+00
  0.730  0.486E+00
  0.740  0.490E+00
  0.750  0.492E+00
  0.760  0.494E+00
  0.770  0.498E+00
  0.780  0.502E+00
  0.790  0.508E+00
  0.800  0.512E+00
  0.810  0.518E+00
  0.820  0.524E+00
  0.830  0.530E+00
  0.840  0.536E+00
  0.850  0.544E+00
  0.860  0.552E+00
  0.870  0.560E+00
  0.880  0.568E+00
  0.890  0.576E+00
  0.900  0.584E+00
  0.910  0.592E+00
  0.920  0.602E+00
  0.930  0.610E+00
  0.940  0.620E+00
  0.950  0.630E+00
  0.960  0.640E+00
  0.970  0.650E+00
  0.980  0.660E+00
  0.990  0.670E+00
  1.000  0.680E+00
  1.010  0.690E+00
  1.020  0.700E+00
  1.030  0.710E+00
  1.040  0.720E+00
  1.050  0.730E+00
  1.060  0.740E+00
  1.070  0.750E+00
  1.080  0.758E+00
  1.090  0.768E+00
  1.100  0.778E+00
  1.110  0.788E+00
  1.120  0.796E+00
  1.130  0.806E+00
  1.140  0.814E+00
  1.150  0.824E+00
  1.160  0.832E+00
  1.170  0.840E+00
  1.180  0.848E+00
  1.190  0.856E+00
  1.200  0.864E+00
  1.210  0.870E+00
  1.220  0.878E+00
  1.230  0.884E+00
  1.240  0.892E+00
  1.250  0.898E+00
  1.260  0.904E+00
  1.270  0.910E+00
  1.280  0.914E+00
  1.290  0.920E+00
  1.300  0.924E+00
  1.310  0.930E+00
  1.320  0.934E+00
  1.330  0.938E+00
  1.340  0.942E+00
  1.350  0.946E+00
  1.360  0.950E+00
  1.370  0.952E+00
  1.380  0.956E+00
  1.390  0.958E+00
  1.400  0.960E+00
  1.410  0.962E+00
  1.420  0.964E+00
  1.430  0.966E+00
  1.440  0.968E+00
  1.450  0.970E+00
  1.460  0.972E+00
  1.470  0.972E+00
  1.480  0.974E+00
  1.490  0.974E+00
  1.500  0.976E+00
  1.510  0.976E+00
  1.520  0.976E+00
  1.530  0.978E+00
  1.540  0.978E+00
  1.550  0.978E+00
  1.560  0.978E+00
  1.570  0.980E+00
  1.580  0.980E+00
  1.590  0.980E+00
  1.600  0.980E+00
  1.610  0.980E+00
  1.620  0.980E+00
  1.630  0.980E+00
  1.640  0.982E+00
  1.650  0.982E+00
  1.660  0.982E+00
  1.670  0.982E+00
  1.680  0.982E+00
  1.690  0.984E+00
  1.700  0.984E+00
  1.710  0.984E+00
  1.720  0.986E+00
  1.730  0.986E+00
  1.740  0.988E+00
  1.750  0.988E+00
  1.760  0.990E+00
  1.770  0.990E+00
  1.780  0.992E+00
  1.790  0.994E+00
  1.800  0.996E+00
  1.810  0.996E+00
  1.820  0.998E+00
  1.830  0.100E+01
  1.840  0.100E+01
  1.850  0.100E+01
  1.860  0.101E+01
  1.870  0.101E+01
  1.880  0.101E+01
  1.890  0.101E+01
  1.900  0.102E+01
  1.910  0.102E+01
  1.920  0.102E+01
  1.930  0.102E+01
  1.940  0.102E+01
  1.950  0.103E+01
  1.960  0.103E+01
  1.970  0.103E+01
  1.980  0.104E+01
  1.990  0.104E+01
  2.000  0.104E+01
  2.010  0.104E+01
  2.020  0.105E+01
  2.030  0.105E+01
  2.040  0.105E+01
  2.050  0.105E+01
  2.060  0.105E+01
  2.070  0.106E+01
  2.080  0.106E+01
  2.090  0.106E+01
  2.100  0.106E+01
  2.110  0.107E+01
  2.120  0.107E+01
  2.130  0.107E+01
  2.140  0.107E+01
  2.150  0.107E+01
  2.160  0.107E+01
  2.170  0.107E+01
  2.180  0.107E+01
  2.190  0.107E+01
  2.200  0.107E+01
  2.210  0.107E+01
  2.220  0.107E+01
  2.230  0.107E+01
  2.240  0.107E+01
  2.250  0.107E+01
  2.260  0.107E+01
  2.270  0.107E+01
  2.280  0.107E+01
  2.290  0.107E+01
  2.300  0.107E+01
  2.310  0.106E+01
  2.320  0.106E+01
  2.330  0.106E+01
  2.340  0.106E+01
  2.350  0.105E+01
  2.360  0.105E+01
  2.370  0.104E+01
  2.380  0.104E+01
  2.390  0.104E+01
  2.400  0.103E+01
  2.410  0.103E+01
  2.420  0.102E+01
  2.430  0.102E+01
  2.440  0.101E+01
  2.450  0.100E+01
  2.460  0.998E+00
  2.470  0.990E+00
  2.480  0.984E+00
  2.490  0.976E+00
  2.500  0.969E+00
  2.510  0.962E+00
  2.520  0.954E+00
  2.530  0.946E+00
  2.540  0.936E+00
  2.550  0.928E+00
  2.560  0.920E+00
  2.570  0.910E+00
  2.580  0.902E+00
  2.590  0.892E+00
  2.600  0.882E+00
  2.610  0.872E+00
  2.620  0.862E+00
  2.630  0.852E+00
  2.640  0.842E+00
  2.650  0.832E+00
  2.660  0.822E+00
  2.670  0.810E+00
  2.680  0.800E+00
  2.690  0.788E+00
  2.700  0.778E+00
  2.710  0.766E+00
  2.720  0.756E+00
  2.730  0.744E+00
  2.740  0.732E+00
  2.750  0.722E+00
  2.760  0.710E+00
  2.770  0.698E+00
  2.780  0.688E+00
  2.790  0.676E+00
  2.800  0.664E+00
  2.810  0.652E+00
  2.820  0.641E+00
  2.830  0.630E+00
  2.840  0.618E+00
  2.850  0.606E+00
  2.860  0.596E+00
  2.870  0.584E+00
  2.880  0.572E+00
  2.890  0.562E+00
  2.900  0.550E+00
  2.910  0.538E+00
  2.920  0.528E+00
  2.930  0.516E+00
  2.940  0.506E+00
  2.950  0.494E+00
  2.960  0.484E+00
  2.970  0.474E+00
  2.980  0.462E+00
  2.990  0.452E+00
  3.000  0.442E+00
  3.010  0.432E+00
  3.020  0.420E+00
  3.030  0.410E+00
  3.040  0.400E+00
  3.050  0.390E+00
  3.060  0.380E+00
  3.070  0.372E+00
  3.080  0.362E+00
  3.090  0.352E+00
  3.100  0.342E+00
  3.110  0.334E+00
  3.120  0.324E+00
  3.130  0.314E+00
  3.140  0.306E+00
  3.150  0.296E+00
  3.160  0.288E+00
  3.170  0.280E+00
  3.180  0.270E+00
  3.190  0.262E+00
  3.200  0.254E+00
  3.210  0.246E+00
  3.220  0.238E+00
  3.230  0.230E+00
  3.240  0.222E+00
  3.250  0.214E+00
  3.260  0.206E+00
  3.270  0.198E+00
  3.280  0.190E+00
  3.290  0.183E+00
  3.300  0.176E+00
  3.310  0.168E+00
  3.320  0.161E+00
  3.330  0.154E+00
  3.340  0.147E+00
  3.350  0.140E+00
  3.360  0.134E+00
  3.370  0.127E+00
  3.380  0.121E+00
  3.390  0.114E+00
  3.400  0.108E+00
  3.410  0.102E+00
  3.420  0.960E-01
  3.430  0.902E-01
  3.440  0.844E-01
  3.450  0.788E-01
  3.460  0.732E-01
  3.470  0.678E-01
  3.480  0.626E-01
  3.490  0.574E-01
  3.500  0.524E-01
  3.510  0.476E-01
  3.520  0.428E-01
  3.530  0.382E-01
  3.540  0.338E-01
  3.550  0.294E-01
  3.560  0.252E-01
  3.570  0.210E-01
  3.580  0.171E-01
  3.590  0.133E-01
  3.600  0.962E-02
  3.610  0.606E-02
  3.620  0.265E-02
  3.630 -0.631E-03
  3.640 -0.378E-02
  3.650 -0.680E-02
  3.660 -0.968E-02
  3.670 -0.124E-01
  3.680 -0.150E-01
  3.690 -0.175E-01
  3.700 -0.199E-01
  3.710 -0.222E-01
  3.720 -0.242E-01
  3.730 -0.262E-01
  3.740 -0.280E-01
  3.750 -0.298E-01
  3.760 -0.314E-01
  3.770 -0.330E-01
  3.780 -0.342E-01
  3.790 -0.356E-01
  3.800 -0.368E-01
  3.810 -0.378E-01
  3.820 -0.388E-01
  3.830 -0.396E-01
  3.840 -0.404E-01
  3.850 -0.410E-01
  3.860 -0.416E-01
  3.870 -0.420E-01
  3.880 -0.424E-01
  3.890 -0.426E-01
  3.900 -0.428E-01
  3.910 -0.430E-01
  3.920 -0.430E-01
  3.930 -0.430E-01
  3.940 -0.430E-01
  3.950 -0.428E-01
  3.960 -0.426E-01
  3.970 -0.424E-01
  3.980 -0.422E-01
  3.990 -0.418E-01
  4.000 -0.414E-01
  4.010 -0.408E-01
  4.020 -0.404E-01
  4.030 -0.398E-01
  4.040 -0.392E-01
  4.050 -0.386E-01
  4.060 -0.380E-01
  4.070 -0.374E-01
  4.080 -0.366E-01
  4.090 -0.360E-01
  4.100 -0.352E-01
  4.110 -0.344E-01
  4.120 -0.336E-01
  4.130 -0.328E-01
  4.140 -0.320E-01
  4.150 -0.312E-01
  4.160 -0.304E-01
  4.170 -0.296E-01
  4.180 -0.288E-01
  4.190 -0.280E-01
  4.200 -0.272E-01
  4.210 -0.264E-01
  4.220 -0.256E-01
  4.230 -0.248E-01
  4.240 -0.240E-01
  4.250 -0.232E-01
  4.260 -0.224E-01
  4.270 -0.216E-01
  4.280 -0.210E-01
  4.290 -0.202E-01
  4.300 -0.194E-01
  4.310 -0.187E-01
  4.320 -0.180E-01
  4.330 -0.173E-01
  4.340 -0.166E-01
  4.350 -0.160E-01
  4.360 -0.153E-01
  4.370 -0.147E-01
  4.380 -0.141E-01
  4.390 -0.135E-01
  4.400 -0.129E-01
  4.410 -0.123E-01
  4.420 -0.118E-01
  4.430 -0.112E-01
  4.440 -0.107E-01
  4.450 -0.102E-01
  4.460 -0.974E-02
  4.470 -0.928E-02
  4.480 -0.884E-02
  4.490 -0.840E-02
  4.500 -0.798E-02
  4.510 -0.758E-02
  4.520 -0.720E-02
  4.530 -0.682E-02
  4.540 -0.648E-02
  4.550 -0.612E-02
  4.560 -0.580E-02
  4.570 -0.548E-02
  4.580 -0.519E-02
  4.590 -0.490E-02
  4.600 -0.464E-02
  4.610 -0.436E-02
  4.620 -0.412E-02
  4.630 -0.388E-02
  4.640 -0.366E-02
  4.650 -0.344E-02
  4.660 -0.324E-02
  4.670 -0.304E-02
  4.680 -0.286E-02
  4.690 -0.268E-02
  4.700 -0.252E-02
  4.710 -0.236E-02
  4.720 -0.222E-02
  4.730 -0.208E-02
  4.740 -0.194E-02
  4.750 -0.181E-02
  4.760 -0.170E-02
  4.770 -0.158E-02
  4.780 -0.148E-02
  4.790 -0.138E-02
  4.800 -0.129E-02
  4.810 -0.120E-02
  4.820 -0.112E-02
  4.830 -0.104E-02
  4.840 -0.966E-03
  4.850 -0.898E-03
  4.860 -0.834E-03
  4.870 -0.774E-03
  4.880 -0.718E-03
  4.890 -0.666E-03
  4.900 -0.616E-03
  4.910 -0.570E-03
  4.920 -0.528E-03
  4.930 -0.488E-03
  4.940 -0.452E-03
  4.950 -0.416E-03
  4.960 -0.384E-03
  4.970 -0.356E-03
  4.980 -0.328E-03
  4.990 -0.302E-03
  5.000 -0.278E-03
  5.010 -0.256E-03
  5.020 -0.234E-03
  5.030 -0.216E-03
