# E (eV) pdos(E) 
-25.210  0.796E-08
-25.200  0.913E-08
-25.190  0.105E-07
-25.180  0.120E-07
-25.170  0.137E-07
-25.160  0.157E-07
-25.150  0.179E-07
-25.140  0.204E-07
-25.130  0.234E-07
-25.120  0.266E-07
-25.110  0.304E-07
-25.100  0.346E-07
-25.090  0.394E-07
-25.080  0.448E-07
-25.070  0.510E-07
-25.060  0.578E-07
-25.050  0.657E-07
-25.040  0.745E-07
-25.030  0.844E-07
-25.020  0.957E-07
-25.010  0.108E-06
-25.000  0.122E-06
-24.990  0.138E-06
-24.980  0.156E-06
-24.970  0.177E-06
-24.960  0.199E-06
-24.950  0.224E-06
-24.940  0.254E-06
-24.930  0.286E-06
-24.920  0.321E-06
-24.910  0.361E-06
-24.900  0.406E-06
-24.890  0.456E-06
-24.880  0.511E-06
-24.870  0.573E-06
-24.860  0.642E-06
-24.850  0.720E-06
-24.840  0.805E-06
-24.830  0.901E-06
-24.820  0.101E-05
-24.810  0.112E-05
-24.800  0.126E-05
-24.790  0.140E-05
-24.780  0.156E-05
-24.770  0.174E-05
-24.760  0.194E-05
-24.750  0.216E-05
-24.740  0.240E-05
-24.730  0.266E-05
-24.720  0.295E-05
-24.710  0.328E-05
-24.700  0.363E-05
-24.690  0.402E-05
-24.680  0.445E-05
-24.670  0.492E-05
-24.660  0.544E-05
-24.650  0.602E-05
-24.640  0.664E-05
-24.630  0.733E-05
-24.620  0.808E-05
-24.610  0.891E-05
-24.600  0.981E-05
-24.590  0.108E-04
-24.580  0.119E-04
-24.570  0.131E-04
-24.560  0.143E-04
-24.550  0.157E-04
-24.540  0.173E-04
-24.530  0.189E-04
-24.520  0.207E-04
-24.510  0.226E-04
-24.500  0.248E-04
-24.490  0.271E-04
-24.480  0.296E-04
-24.470  0.323E-04
-24.460  0.352E-04
-24.450  0.384E-04
-24.440  0.418E-04
-24.430  0.456E-04
-24.420  0.496E-04
-24.410  0.539E-04
-24.400  0.586E-04
-24.390  0.636E-04
-24.380  0.690E-04
-24.370  0.748E-04
-24.360  0.811E-04
-24.350  0.878E-04
-24.340  0.950E-04
-24.330  0.103E-03
-24.320  0.111E-03
-24.310  0.120E-03
-24.300  0.129E-03
-24.290  0.140E-03
-24.280  0.150E-03
-24.270  0.162E-03
-24.260  0.174E-03
-24.250  0.188E-03
-24.240  0.202E-03
-24.230  0.216E-03
-24.220  0.232E-03
-24.210  0.250E-03
-24.200  0.268E-03
-24.190  0.286E-03
-24.180  0.306E-03
-24.170  0.328E-03
-24.160  0.350E-03
-24.150  0.374E-03
-24.140  0.400E-03
-24.130  0.427E-03
-24.120  0.456E-03
-24.110  0.485E-03
-24.100  0.516E-03
-24.090  0.550E-03
-24.080  0.584E-03
-24.070  0.621E-03
-24.060  0.660E-03
-24.050  0.700E-03
-24.040  0.742E-03
-24.030  0.787E-03
-24.020  0.834E-03
-24.010  0.882E-03
-24.000  0.933E-03
-23.990  0.986E-03
-23.980  0.104E-02
-23.970  0.110E-02
-23.960  0.116E-02
-23.950  0.122E-02
-23.940  0.129E-02
-23.930  0.136E-02
-23.920  0.143E-02
-23.910  0.150E-02
-23.900  0.158E-02
-23.890  0.166E-02
-23.880  0.174E-02
-23.870  0.182E-02
-23.860  0.191E-02
-23.850  0.200E-02
-23.840  0.209E-02
-23.830  0.218E-02
-23.820  0.228E-02
-23.810  0.238E-02
-23.800  0.248E-02
-23.790  0.260E-02
-23.780  0.270E-02
-23.770  0.282E-02
-23.760  0.294E-02
-23.750  0.305E-02
-23.740  0.317E-02
-23.730  0.330E-02
-23.720  0.342E-02
-23.710  0.354E-02
-23.700  0.368E-02
-23.690  0.380E-02
-23.680  0.394E-02
-23.670  0.408E-02
-23.660  0.421E-02
-23.650  0.435E-02
-23.640  0.449E-02
-23.630  0.464E-02
-23.620  0.478E-02
-23.610  0.492E-02
-23.600  0.506E-02
-23.590  0.520E-02
-23.580  0.536E-02
-23.570  0.550E-02
-23.560  0.564E-02
-23.550  0.580E-02
-23.540  0.594E-02
-23.530  0.608E-02
-23.520  0.622E-02
-23.510  0.637E-02
-23.500  0.652E-02
-23.490  0.666E-02
-23.480  0.680E-02
-23.470  0.692E-02
-23.460  0.706E-02
-23.450  0.720E-02
-23.440  0.732E-02
-23.430  0.745E-02
-23.420  0.758E-02
-23.410  0.770E-02
-23.400  0.780E-02
-23.390  0.792E-02
-23.380  0.802E-02
-23.370  0.812E-02
-23.360  0.822E-02
-23.350  0.832E-02
-23.340  0.840E-02
-23.330  0.848E-02
-23.320  0.856E-02
-23.310  0.864E-02
-23.300  0.870E-02
-23.290  0.876E-02
-23.280  0.882E-02
-23.270  0.886E-02
-23.260  0.890E-02
-23.250  0.894E-02
-23.240  0.896E-02
-23.230  0.898E-02
-23.220  0.898E-02
-23.210  0.900E-02
-23.200  0.898E-02
-23.190  0.898E-02
-23.180  0.896E-02
-23.170  0.894E-02
-23.160  0.890E-02
-23.150  0.886E-02
-23.140  0.882E-02
-23.130  0.876E-02
-23.120  0.870E-02
-23.110  0.864E-02
-23.100  0.856E-02
-23.090  0.848E-02
-23.080  0.839E-02
-23.070  0.830E-02
-23.060  0.820E-02
-23.050  0.808E-02
-23.040  0.796E-02
-23.030  0.784E-02
-23.020  0.772E-02
-23.010  0.759E-02
-23.000  0.746E-02
-22.990  0.731E-02
-22.980  0.716E-02
-22.970  0.702E-02
-22.960  0.686E-02
-22.950  0.670E-02
-22.940  0.654E-02
-22.930  0.636E-02
-22.920  0.620E-02
-22.910  0.602E-02
-22.900  0.584E-02
-22.890  0.566E-02
-22.880  0.548E-02
-22.870  0.530E-02
-22.860  0.512E-02
-22.850  0.494E-02
-22.840  0.476E-02
-22.830  0.457E-02
-22.820  0.438E-02
-22.810  0.420E-02
-22.800  0.402E-02
-22.790  0.383E-02
-22.780  0.364E-02
-22.770  0.346E-02
-22.760  0.328E-02
-22.750  0.310E-02
-22.740  0.293E-02
-22.730  0.276E-02
-22.720  0.258E-02
-22.710  0.242E-02
-22.700  0.225E-02
-22.690  0.208E-02
-22.680  0.193E-02
-22.670  0.177E-02
-22.660  0.162E-02
-22.650  0.147E-02
-22.640  0.133E-02
-22.630  0.119E-02
-22.620  0.105E-02
-22.610  0.921E-03
-22.600  0.795E-03
-22.590  0.671E-03
-22.580  0.553E-03
-22.570  0.439E-03
-22.560  0.331E-03
-22.550  0.227E-03
-22.540  0.127E-03
-22.530  0.324E-04
-22.520 -0.578E-04
-22.510 -0.143E-03
-22.500 -0.224E-03
-22.490 -0.301E-03
-22.480 -0.372E-03
-22.470 -0.440E-03
-22.460 -0.502E-03
-22.450 -0.561E-03
-22.440 -0.616E-03
-22.430 -0.666E-03
-22.420 -0.712E-03
-22.410 -0.754E-03
-22.400 -0.792E-03
-22.390 -0.826E-03
-22.380 -0.856E-03
-22.370 -0.884E-03
-22.360 -0.908E-03
-22.350 -0.928E-03
-22.340 -0.946E-03
-22.330 -0.960E-03
-22.320 -0.971E-03
-22.310 -0.980E-03
-22.300 -0.986E-03
-22.290 -0.989E-03
-22.280 -0.990E-03
-22.270 -0.989E-03
-22.260 -0.986E-03
-22.250 -0.980E-03
-22.240 -0.974E-03
-22.230 -0.964E-03
-22.220 -0.954E-03
-22.210 -0.942E-03
-22.200 -0.930E-03
-22.190 -0.915E-03
-22.180 -0.900E-03
-22.170 -0.882E-03
-22.160 -0.866E-03
-22.150 -0.847E-03
-22.140 -0.828E-03
-22.130 -0.808E-03
-22.120 -0.788E-03
-22.110 -0.768E-03
-22.100 -0.746E-03
-22.090 -0.726E-03
-22.080 -0.704E-03
-22.070 -0.682E-03
-22.060 -0.660E-03
-22.050 -0.639E-03
-22.040 -0.618E-03
-22.030 -0.596E-03
-22.020 -0.574E-03
-22.010 -0.554E-03
-22.000 -0.532E-03
-21.990 -0.512E-03
-21.980 -0.492E-03
-21.970 -0.472E-03
-21.960 -0.452E-03
-21.950 -0.433E-03
-21.940 -0.414E-03
-21.930 -0.396E-03
-21.920 -0.378E-03
-21.910 -0.361E-03
-21.900 -0.344E-03
-21.890 -0.328E-03
-21.880 -0.312E-03
-21.870 -0.296E-03
-21.860 -0.282E-03
-21.850 -0.268E-03
-21.840 -0.254E-03
-21.830 -0.240E-03
-21.820 -0.228E-03
-21.810 -0.216E-03
-21.800 -0.204E-03
-21.790 -0.192E-03
-21.780 -0.181E-03
-21.770 -0.171E-03
-21.760 -0.161E-03
-21.750 -0.152E-03
-21.740 -0.142E-03
-21.730 -0.134E-03
-21.720 -0.126E-03
-21.710 -0.118E-03
-21.700 -0.111E-03
-21.690 -0.104E-03
-21.680 -0.971E-04
-21.670 -0.908E-04
-21.660 -0.849E-04
-21.650 -0.793E-04
-21.640 -0.740E-04
-21.630 -0.690E-04
-21.620 -0.643E-04
-21.610 -0.598E-04
-21.600 -0.557E-04
-21.590 -0.518E-04
-21.580 -0.481E-04
-21.570 -0.446E-04
-21.560 -0.414E-04
-21.550 -0.384E-04
-21.540 -0.356E-04
-21.530 -0.329E-04
-21.520 -0.304E-04
-21.510 -0.281E-04
-21.500 -0.260E-04
-21.490 -0.240E-04
-21.480 -0.220E-04
-21.470 -0.204E-04
-21.460 -0.187E-04
-21.450 -0.172E-04
-21.440 -0.159E-04
-21.430 -0.146E-04
-21.420 -0.134E-04
-21.410 -0.123E-04
-21.400 -0.112E-04
-21.390 -0.103E-04
-21.380 -0.942E-05
-21.370 -0.862E-05
-21.360 -0.788E-05
-21.350 -0.720E-05
-21.340 -0.657E-05
-21.330 -0.599E-05
-21.320 -0.546E-05
-21.310 -0.497E-05
-21.300 -0.452E-05
-21.290 -0.412E-05
-21.280 -0.374E-05
-21.270 -0.340E-05
-21.260 -0.308E-05
-21.250 -0.280E-05
-21.240 -0.254E-05
-21.230 -0.230E-05
-21.220 -0.208E-05
-21.210 -0.188E-05
-21.200 -0.170E-05
-21.190 -0.153E-05
-21.180 -0.138E-05
-21.170 -0.125E-05
-21.160 -0.112E-05
-21.150 -0.101E-05
-21.140 -0.909E-06
-21.130 -0.818E-06
-21.120 -0.734E-06
-21.110 -0.660E-06
-21.100 -0.592E-06
-21.090 -0.530E-06
-21.080 -0.476E-06
-21.070 -0.426E-06
-21.060 -0.380E-06
-21.050 -0.340E-06
-21.040 -0.304E-06
-21.030 -0.272E-06
-21.020 -0.242E-06
-21.010 -0.216E-06
-21.000 -0.192E-06
-20.990 -0.171E-06
-20.980 -0.153E-06
-20.970 -0.136E-06
-20.960 -0.121E-06
-20.950 -0.107E-06
-20.940 -0.949E-07
-20.930 -0.841E-07
-20.920 -0.745E-07
-20.910 -0.660E-07
-20.900 -0.584E-07
-20.890 -0.516E-07
-20.880 -0.456E-07
-20.870 -0.402E-07
-20.860 -0.356E-07
-20.850 -0.314E-07
-20.840 -0.276E-07
-20.830 -0.243E-07
-20.820 -0.214E-07
-20.810 -0.188E-07
-20.800 -0.165E-07
-20.790 -0.145E-07
-20.780 -0.127E-07
-20.770 -0.111E-07
-20.760 -0.972E-08
-20.750 -0.850E-08
-20.740 -0.744E-08
-20.730 -0.650E-08
-20.720 -0.568E-08
-20.710 -0.496E-08
-20.700 -0.432E-08
-20.690 -0.377E-08
-20.680 -0.328E-08
-20.670 -0.286E-08
-20.660 -0.248E-08
-20.650 -0.215E-08
-20.640 -0.187E-08
-20.630 -0.162E-08
-20.620 -0.140E-08
-20.610 -0.121E-08
-20.600 -0.104E-08
-20.590 -0.901E-09
-20.580 -0.768E-09
-20.570 -0.655E-09
-20.560 -0.564E-09
-20.550 -0.486E-09
-20.540 -0.415E-09
-20.530 -0.346E-09
-20.520 -0.284E-09
-20.510 -0.242E-09
-20.500 -0.208E-09
-20.490 -0.177E-09
-20.480 -0.148E-09
-20.470 -0.120E-09
-20.460 -0.970E-10
-20.450 -0.749E-10
-20.440 -0.541E-10
-20.430 -0.324E-10
-20.420 -0.624E-11
-20.410 -0.294E-11
-20.400 -0.252E-11
-20.390 -0.213E-11
-20.380 -0.175E-11
-20.370 -0.134E-11
-20.360 -0.716E-12
-20.350 -0.280E-12
-20.340 -0.348E-13
-20.330  0.000E+00
-20.320  0.000E+00
-20.310  0.000E+00
-20.300  0.000E+00
-20.290  0.000E+00
-20.280  0.000E+00
-20.270  0.000E+00
-20.260  0.000E+00
-20.250  0.000E+00
-20.240  0.000E+00
-20.230  0.000E+00
-20.220  0.000E+00
-20.210  0.000E+00
-20.200  0.000E+00
-20.190  0.000E+00
-20.180  0.000E+00
-20.170  0.000E+00
-20.160  0.000E+00
-20.150  0.000E+00
-20.140  0.000E+00
-20.130  0.000E+00
-20.120  0.000E+00
-20.110  0.000E+00
-20.100  0.000E+00
-20.090  0.000E+00
-20.080  0.000E+00
-20.070  0.000E+00
-20.060  0.000E+00
-20.050  0.000E+00
-20.040  0.000E+00
-20.030  0.000E+00
-20.020  0.000E+00
-20.010  0.000E+00
-20.000  0.000E+00
-19.990  0.000E+00
-19.980  0.000E+00
-19.970  0.000E+00
-19.960  0.000E+00
-19.950  0.000E+00
-19.940  0.000E+00
-19.930  0.000E+00
-19.920  0.000E+00
-19.910  0.000E+00
-19.900  0.000E+00
-19.890  0.000E+00
-19.880  0.000E+00
-19.870  0.000E+00
-19.860  0.000E+00
-19.850  0.000E+00
-19.840  0.000E+00
-19.830  0.000E+00
-19.820  0.000E+00
-19.810  0.000E+00
-19.800  0.000E+00
-19.790  0.000E+00
-19.780  0.000E+00
-19.770  0.000E+00
-19.760  0.000E+00
-19.750  0.000E+00
-19.740  0.000E+00
-19.730  0.000E+00
-19.720  0.000E+00
-19.710  0.000E+00
-19.700  0.000E+00
-19.690  0.000E+00
-19.680  0.000E+00
-19.670  0.000E+00
-19.660  0.000E+00
-19.650  0.000E+00
-19.640  0.000E+00
-19.630  0.000E+00
-19.620  0.000E+00
-19.610  0.000E+00
-19.600  0.000E+00
-19.590  0.000E+00
-19.580  0.000E+00
-19.570  0.000E+00
-19.560  0.000E+00
-19.550  0.000E+00
-19.540  0.000E+00
-19.530  0.000E+00
-19.520  0.000E+00
-19.510  0.000E+00
-19.500  0.000E+00
-19.490  0.000E+00
-19.480  0.000E+00
-19.470  0.000E+00
-19.460  0.000E+00
-19.450  0.000E+00
-19.440  0.000E+00
-19.430  0.000E+00
-19.420  0.000E+00
-19.410  0.000E+00
-19.400  0.000E+00
-19.390  0.000E+00
-19.380  0.000E+00
-19.370  0.000E+00
-19.360  0.000E+00
-19.350  0.000E+00
-19.340  0.000E+00
-19.330  0.000E+00
-19.320  0.000E+00
-19.310  0.000E+00
-19.300  0.000E+00
-19.290  0.000E+00
-19.280  0.000E+00
-19.270  0.000E+00
-19.260  0.000E+00
-19.250  0.000E+00
-19.240  0.000E+00
-19.230  0.000E+00
-19.220  0.000E+00
-19.210  0.000E+00
-19.200  0.000E+00
-19.190  0.000E+00
-19.180  0.000E+00
-19.170  0.000E+00
-19.160  0.000E+00
-19.150  0.000E+00
-19.140  0.000E+00
-19.130  0.000E+00
-19.120  0.000E+00
-19.110  0.000E+00
-19.100  0.000E+00
-19.090  0.000E+00
-19.080  0.000E+00
-19.070  0.000E+00
-19.060  0.000E+00
-19.050  0.000E+00
-19.040  0.000E+00
-19.030  0.000E+00
-19.020  0.000E+00
-19.010  0.000E+00
-19.000  0.000E+00
-18.990  0.000E+00
-18.980  0.000E+00
-18.970  0.000E+00
-18.960  0.000E+00
-18.950  0.000E+00
-18.940  0.000E+00
-18.930  0.000E+00
-18.920  0.000E+00
-18.910  0.000E+00
-18.900  0.000E+00
-18.890  0.000E+00
-18.880  0.000E+00
-18.870  0.000E+00
-18.860  0.000E+00
-18.850  0.000E+00
-18.840  0.000E+00
-18.830  0.000E+00
-18.820  0.000E+00
-18.810  0.000E+00
-18.800  0.000E+00
-18.790  0.000E+00
-18.780  0.000E+00
-18.770  0.000E+00
-18.760  0.000E+00
-18.750  0.000E+00
-18.740  0.000E+00
-18.730  0.000E+00
-18.720  0.000E+00
-18.710  0.000E+00
-18.700  0.000E+00
-18.690  0.000E+00
-18.680  0.000E+00
-18.670  0.000E+00
-18.660  0.000E+00
-18.650  0.000E+00
-18.640  0.000E+00
-18.630  0.000E+00
-18.620  0.000E+00
-18.610  0.000E+00
-18.600  0.000E+00
-18.590  0.000E+00
-18.580  0.000E+00
-18.570  0.000E+00
-18.560  0.000E+00
-18.550  0.000E+00
-18.540  0.000E+00
-18.530  0.000E+00
-18.520  0.000E+00
-18.510  0.000E+00
-18.500  0.000E+00
-18.490  0.000E+00
-18.480  0.000E+00
-18.470  0.000E+00
-18.460  0.000E+00
-18.450  0.000E+00
-18.440  0.000E+00
-18.430  0.000E+00
-18.420  0.000E+00
-18.410  0.000E+00
-18.400  0.000E+00
-18.390  0.000E+00
-18.380  0.000E+00
-18.370  0.000E+00
-18.360  0.000E+00
-18.350  0.000E+00
-18.340  0.000E+00
-18.330  0.000E+00
-18.320  0.000E+00
-18.310  0.000E+00
-18.300  0.000E+00
-18.290  0.000E+00
-18.280  0.000E+00
-18.270  0.000E+00
-18.260  0.000E+00
-18.250  0.000E+00
-18.240  0.000E+00
-18.230  0.000E+00
-18.220  0.000E+00
-18.210  0.000E+00
-18.200  0.000E+00
-18.190  0.000E+00
-18.180  0.000E+00
-18.170  0.000E+00
-18.160  0.000E+00
-18.150  0.000E+00
-18.140  0.000E+00
-18.130  0.000E+00
-18.120  0.000E+00
-18.110  0.000E+00
-18.100  0.000E+00
-18.090  0.000E+00
-18.080  0.000E+00
-18.070  0.000E+00
-18.060  0.000E+00
-18.050  0.000E+00
-18.040  0.000E+00
-18.030  0.000E+00
-18.020  0.000E+00
-18.010  0.000E+00
-18.000  0.000E+00
-17.990  0.000E+00
-17.980  0.000E+00
-17.970  0.000E+00
-17.960  0.000E+00
-17.950  0.000E+00
-17.940  0.000E+00
-17.930  0.000E+00
-17.920  0.000E+00
-17.910  0.000E+00
-17.900  0.000E+00
-17.890  0.000E+00
-17.880  0.000E+00
-17.870  0.000E+00
-17.860  0.000E+00
-17.850  0.000E+00
-17.840  0.000E+00
-17.830  0.000E+00
-17.820  0.000E+00
-17.810  0.000E+00
-17.800  0.000E+00
-17.790  0.000E+00
-17.780  0.000E+00
-17.770  0.000E+00
-17.760  0.000E+00
-17.750  0.000E+00
-17.740  0.000E+00
-17.730  0.000E+00
-17.720  0.000E+00
-17.710  0.000E+00
-17.700  0.000E+00
-17.690  0.000E+00
-17.680  0.000E+00
-17.670  0.000E+00
-17.660  0.000E+00
-17.650  0.000E+00
-17.640  0.000E+00
-17.630  0.000E+00
-17.620  0.000E+00
-17.610  0.000E+00
-17.600  0.000E+00
-17.590  0.000E+00
-17.580  0.000E+00
-17.570  0.000E+00
-17.560  0.000E+00
-17.550  0.000E+00
-17.540  0.000E+00
-17.530  0.000E+00
-17.520  0.000E+00
-17.510  0.000E+00
-17.500  0.000E+00
-17.490  0.000E+00
-17.480  0.000E+00
-17.470  0.000E+00
-17.460  0.000E+00
-17.450  0.000E+00
-17.440  0.000E+00
-17.430  0.000E+00
-17.420  0.000E+00
-17.410  0.000E+00
-17.400  0.000E+00
-17.390  0.000E+00
-17.380  0.000E+00
-17.370  0.000E+00
-17.360  0.000E+00
-17.350  0.000E+00
-17.340  0.000E+00
-17.330  0.000E+00
-17.320  0.000E+00
-17.310  0.000E+00
-17.300  0.000E+00
-17.290  0.000E+00
-17.280  0.000E+00
-17.270  0.000E+00
-17.260  0.000E+00
-17.250  0.000E+00
-17.240  0.000E+00
-17.230  0.000E+00
-17.220  0.000E+00
-17.210  0.000E+00
-17.200  0.000E+00
-17.190  0.000E+00
-17.180  0.000E+00
-17.170  0.000E+00
-17.160  0.000E+00
-17.150  0.000E+00
-17.140  0.000E+00
-17.130  0.000E+00
-17.120  0.000E+00
-17.110  0.000E+00
-17.100  0.000E+00
-17.090  0.000E+00
-17.080  0.000E+00
-17.070  0.000E+00
-17.060  0.000E+00
-17.050  0.000E+00
-17.040  0.000E+00
-17.030  0.000E+00
-17.020  0.000E+00
-17.010  0.000E+00
-17.000  0.000E+00
-16.990  0.000E+00
-16.980  0.000E+00
-16.970  0.000E+00
-16.960  0.000E+00
-16.950  0.000E+00
-16.940  0.000E+00
-16.930  0.000E+00
-16.920  0.000E+00
-16.910  0.000E+00
-16.900  0.000E+00
-16.890  0.000E+00
-16.880  0.000E+00
-16.870  0.000E+00
-16.860  0.000E+00
-16.850  0.000E+00
-16.840  0.000E+00
-16.830  0.000E+00
-16.820  0.000E+00
-16.810  0.000E+00
-16.800  0.000E+00
-16.790  0.000E+00
-16.780  0.000E+00
-16.770  0.000E+00
-16.760  0.000E+00
-16.750  0.000E+00
-16.740  0.000E+00
-16.730  0.000E+00
-16.720  0.000E+00
-16.710  0.000E+00
-16.700  0.000E+00
-16.690  0.000E+00
-16.680  0.000E+00
-16.670  0.000E+00
-16.660  0.000E+00
-16.650  0.000E+00
-16.640  0.000E+00
-16.630  0.000E+00
-16.620  0.000E+00
-16.610  0.000E+00
-16.600  0.000E+00
-16.590  0.000E+00
-16.580  0.000E+00
-16.570  0.000E+00
-16.560  0.000E+00
-16.550  0.000E+00
-16.540  0.000E+00
-16.530  0.000E+00
-16.520  0.000E+00
-16.510  0.000E+00
-16.500  0.000E+00
-16.490  0.000E+00
-16.480  0.000E+00
-16.470  0.000E+00
-16.460  0.000E+00
-16.450  0.000E+00
-16.440  0.000E+00
-16.430  0.000E+00
-16.420  0.000E+00
-16.410  0.000E+00
-16.400  0.000E+00
-16.390  0.000E+00
-16.380  0.000E+00
-16.370  0.000E+00
-16.360  0.000E+00
-16.350  0.000E+00
-16.340  0.000E+00
-16.330  0.000E+00
-16.320  0.000E+00
-16.310  0.000E+00
-16.300  0.000E+00
-16.290  0.000E+00
-16.280  0.000E+00
-16.270  0.000E+00
-16.260  0.000E+00
-16.250  0.000E+00
-16.240  0.000E+00
-16.230  0.000E+00
-16.220  0.000E+00
-16.210  0.000E+00
-16.200  0.000E+00
-16.190  0.000E+00
-16.180  0.000E+00
-16.170  0.000E+00
-16.160  0.000E+00
-16.150  0.000E+00
-16.140  0.000E+00
-16.130  0.000E+00
-16.120  0.000E+00
-16.110  0.000E+00
-16.100  0.000E+00
-16.090  0.000E+00
-16.080  0.000E+00
-16.070  0.000E+00
-16.060  0.000E+00
-16.050  0.000E+00
-16.040  0.000E+00
-16.030  0.000E+00
-16.020  0.000E+00
-16.010  0.000E+00
-16.000  0.000E+00
-15.990  0.000E+00
-15.980  0.000E+00
-15.970  0.000E+00
-15.960  0.000E+00
-15.950  0.000E+00
-15.940  0.000E+00
-15.930  0.000E+00
-15.920  0.000E+00
-15.910  0.000E+00
-15.900  0.000E+00
-15.890  0.000E+00
-15.880  0.000E+00
-15.870  0.000E+00
-15.860  0.000E+00
-15.850  0.000E+00
-15.840  0.000E+00
-15.830  0.000E+00
-15.820  0.000E+00
-15.810  0.000E+00
-15.800  0.000E+00
-15.790  0.000E+00
-15.780  0.000E+00
-15.770  0.000E+00
-15.760  0.000E+00
-15.750  0.000E+00
-15.740  0.000E+00
-15.730  0.000E+00
-15.720  0.000E+00
-15.710  0.000E+00
-15.700  0.000E+00
-15.690  0.000E+00
-15.680  0.000E+00
-15.670  0.000E+00
-15.660  0.000E+00
-15.650  0.000E+00
-15.640  0.000E+00
-15.630  0.000E+00
-15.620  0.000E+00
-15.610  0.000E+00
-15.600  0.000E+00
-15.590  0.000E+00
-15.580  0.000E+00
-15.570  0.000E+00
-15.560  0.000E+00
-15.550  0.000E+00
-15.540  0.000E+00
-15.530  0.000E+00
-15.520  0.000E+00
-15.510  0.000E+00
-15.500  0.000E+00
-15.490  0.000E+00
-15.480  0.000E+00
-15.470  0.000E+00
-15.460  0.000E+00
-15.450  0.000E+00
-15.440  0.000E+00
-15.430  0.000E+00
-15.420  0.000E+00
-15.410  0.000E+00
-15.400  0.000E+00
-15.390  0.000E+00
-15.380  0.000E+00
-15.370  0.000E+00
-15.360  0.000E+00
-15.350  0.000E+00
-15.340  0.000E+00
-15.330  0.000E+00
-15.320  0.000E+00
-15.310  0.000E+00
-15.300  0.000E+00
-15.290  0.000E+00
-15.280  0.000E+00
-15.270  0.000E+00
-15.260  0.000E+00
-15.250  0.000E+00
-15.240  0.000E+00
-15.230  0.000E+00
-15.220  0.000E+00
-15.210  0.000E+00
-15.200  0.000E+00
-15.190  0.000E+00
-15.180  0.000E+00
-15.170  0.000E+00
-15.160  0.000E+00
-15.150  0.000E+00
-15.140  0.000E+00
-15.130  0.000E+00
-15.120  0.000E+00
-15.110  0.000E+00
-15.100  0.000E+00
-15.090  0.000E+00
-15.080  0.000E+00
-15.070  0.000E+00
-15.060  0.000E+00
-15.050  0.000E+00
-15.040  0.000E+00
-15.030  0.000E+00
-15.020  0.000E+00
-15.010  0.000E+00
-15.000  0.000E+00
-14.990  0.000E+00
-14.980  0.000E+00
-14.970  0.000E+00
-14.960  0.000E+00
-14.950  0.000E+00
-14.940  0.000E+00
-14.930  0.000E+00
-14.920  0.000E+00
-14.910  0.000E+00
-14.900  0.000E+00
-14.890  0.000E+00
-14.880  0.000E+00
-14.870  0.000E+00
-14.860  0.000E+00
-14.850  0.000E+00
-14.840  0.000E+00
-14.830  0.000E+00
-14.820  0.000E+00
-14.810  0.000E+00
-14.800  0.000E+00
-14.790  0.000E+00
-14.780  0.000E+00
-14.770  0.000E+00
-14.760  0.000E+00
-14.750  0.000E+00
-14.740  0.000E+00
-14.730  0.000E+00
-14.720  0.000E+00
-14.710  0.000E+00
-14.700  0.000E+00
-14.690  0.000E+00
-14.680  0.000E+00
-14.670  0.000E+00
-14.660  0.000E+00
-14.650  0.000E+00
-14.640  0.000E+00
-14.630  0.000E+00
-14.620  0.000E+00
-14.610  0.000E+00
-14.600  0.000E+00
-14.590  0.000E+00
-14.580  0.000E+00
-14.570  0.000E+00
-14.560  0.000E+00
-14.550  0.000E+00
-14.540  0.000E+00
-14.530  0.000E+00
-14.520  0.000E+00
-14.510  0.000E+00
-14.500  0.000E+00
-14.490  0.000E+00
-14.480  0.000E+00
-14.470  0.000E+00
-14.460  0.000E+00
-14.450  0.000E+00
-14.440  0.000E+00
-14.430  0.000E+00
-14.420  0.000E+00
-14.410  0.000E+00
-14.400  0.000E+00
-14.390  0.000E+00
-14.380  0.000E+00
-14.370  0.000E+00
-14.360  0.000E+00
-14.350  0.000E+00
-14.340  0.000E+00
-14.330  0.000E+00
-14.320  0.000E+00
-14.310  0.000E+00
-14.300  0.000E+00
-14.290  0.000E+00
-14.280  0.000E+00
-14.270  0.000E+00
-14.260  0.000E+00
-14.250  0.000E+00
-14.240  0.000E+00
-14.230  0.000E+00
-14.220  0.000E+00
-14.210  0.000E+00
-14.200  0.000E+00
-14.190  0.000E+00
-14.180  0.000E+00
-14.170  0.000E+00
-14.160  0.000E+00
-14.150  0.000E+00
-14.140  0.000E+00
-14.130  0.000E+00
-14.120  0.000E+00
-14.110  0.000E+00
-14.100  0.195E-15
-14.090  0.130E-14
-14.080  0.160E-14
-14.070  0.196E-14
-14.060  0.348E-14
-14.050  0.426E-14
-14.040  0.642E-14
-14.030  0.788E-14
-14.020  0.968E-14
-14.010  0.119E-13
-14.000  0.167E-13
-13.990  0.204E-13
-13.980  0.250E-13
-13.970  0.316E-13
-13.960  0.388E-13
-13.950  0.474E-13
-13.940  0.578E-13
-13.930  0.714E-13
-13.920  0.872E-13
-13.910  0.108E-12
-13.900  0.132E-12
-13.890  0.161E-12
-13.880  0.196E-12
-13.870  0.238E-12
-13.860  0.290E-12
-13.850  0.352E-12
-13.840  0.428E-12
-13.830  0.518E-12
-13.820  0.630E-12
-13.810  0.762E-12
-13.800  0.924E-12
-13.790  0.112E-11
-13.780  0.135E-11
-13.770  0.163E-11
-13.760  0.197E-11
-13.750  0.238E-11
-13.740  0.286E-11
-13.730  0.344E-11
-13.720  0.416E-11
-13.710  0.500E-11
-13.700  0.600E-11
-13.690  0.722E-11
-13.680  0.866E-11
-13.670  0.104E-10
-13.660  0.124E-10
-13.650  0.149E-10
-13.640  0.178E-10
-13.630  0.214E-10
-13.620  0.256E-10
-13.610  0.304E-10
-13.600  0.364E-10
-13.590  0.434E-10
-13.580  0.518E-10
-13.570  0.618E-10
-13.560  0.734E-10
-13.550  0.874E-10
-13.540  0.104E-09
-13.530  0.124E-09
-13.520  0.147E-09
-13.510  0.174E-09
-13.500  0.206E-09
-13.490  0.244E-09
-13.480  0.290E-09
-13.470  0.342E-09
-13.460  0.406E-09
-13.450  0.480E-09
-13.440  0.566E-09
-13.430  0.668E-09
-13.420  0.788E-09
-13.410  0.930E-09
-13.400  0.109E-08
-13.390  0.129E-08
-13.380  0.152E-08
-13.370  0.178E-08
-13.360  0.210E-08
-13.350  0.246E-08
-13.340  0.288E-08
-13.330  0.338E-08
-13.320  0.396E-08
-13.310  0.464E-08
-13.300  0.542E-08
-13.290  0.634E-08
-13.280  0.742E-08
-13.270  0.866E-08
-13.260  0.101E-07
-13.250  0.118E-07
-13.240  0.137E-07
-13.230  0.160E-07
-13.220  0.186E-07
-13.210  0.216E-07
-13.200  0.252E-07
-13.190  0.292E-07
-13.180  0.338E-07
-13.170  0.394E-07
-13.160  0.456E-07
-13.150  0.528E-07
-13.140  0.612E-07
-13.130  0.706E-07
-13.120  0.818E-07
-13.110  0.944E-07
-13.100  0.109E-06
-13.090  0.126E-06
-13.080  0.145E-06
-13.070  0.167E-06
-13.060  0.192E-06
-13.050  0.222E-06
-13.040  0.254E-06
-13.030  0.292E-06
-13.020  0.336E-06
-13.010  0.386E-06
-13.000  0.442E-06
-12.990  0.506E-06
-12.980  0.580E-06
-12.970  0.664E-06
-12.960  0.758E-06
-12.950  0.868E-06
-12.940  0.990E-06
-12.930  0.113E-05
-12.920  0.129E-05
-12.910  0.147E-05
-12.900  0.167E-05
-12.890  0.191E-05
-12.880  0.216E-05
-12.870  0.246E-05
-12.860  0.280E-05
-12.850  0.318E-05
-12.840  0.360E-05
-12.830  0.410E-05
-12.820  0.464E-05
-12.810  0.524E-05
-12.800  0.594E-05
-12.790  0.672E-05
-12.780  0.758E-05
-12.770  0.856E-05
-12.760  0.966E-05
-12.750  0.109E-04
-12.740  0.123E-04
-12.730  0.138E-04
-12.720  0.156E-04
-12.710  0.175E-04
-12.700  0.197E-04
-12.690  0.222E-04
-12.680  0.248E-04
-12.670  0.278E-04
-12.660  0.312E-04
-12.650  0.350E-04
-12.640  0.392E-04
-12.630  0.438E-04
-12.620  0.490E-04
-12.610  0.548E-04
-12.600  0.610E-04
-12.590  0.682E-04
-12.580  0.760E-04
-12.570  0.846E-04
-12.560  0.944E-04
-12.550  0.105E-03
-12.540  0.117E-03
-12.530  0.130E-03
-12.520  0.144E-03
-12.510  0.160E-03
-12.500  0.177E-03
-12.490  0.197E-03
-12.480  0.218E-03
-12.470  0.242E-03
-12.460  0.266E-03
-12.450  0.294E-03
-12.440  0.326E-03
-12.430  0.360E-03
-12.420  0.396E-03
-12.410  0.438E-03
-12.400  0.482E-03
-12.390  0.530E-03
-12.380  0.584E-03
-12.370  0.642E-03
-12.360  0.706E-03
-12.350  0.774E-03
-12.340  0.850E-03
-12.330  0.932E-03
-12.320  0.102E-02
-12.310  0.112E-02
-12.300  0.122E-02
-12.290  0.134E-02
-12.280  0.146E-02
-12.270  0.160E-02
-12.260  0.175E-02
-12.250  0.190E-02
-12.240  0.208E-02
-12.230  0.226E-02
-12.220  0.246E-02
-12.210  0.268E-02
-12.200  0.292E-02
-12.190  0.316E-02
-12.180  0.344E-02
-12.170  0.374E-02
-12.160  0.404E-02
-12.150  0.438E-02
-12.140  0.476E-02
-12.130  0.514E-02
-12.120  0.556E-02
-12.110  0.602E-02
-12.100  0.650E-02
-12.090  0.702E-02
-12.080  0.756E-02
-12.070  0.816E-02
-12.060  0.878E-02
-12.050  0.946E-02
-12.040  0.102E-01
-12.030  0.109E-01
-12.020  0.118E-01
-12.010  0.126E-01
-12.000  0.136E-01
-11.990  0.145E-01
-11.980  0.156E-01
-11.970  0.167E-01
-11.960  0.179E-01
-11.950  0.191E-01
-11.940  0.204E-01
-11.930  0.218E-01
-11.920  0.234E-01
-11.910  0.248E-01
-11.900  0.266E-01
-11.890  0.282E-01
-11.880  0.300E-01
-11.870  0.320E-01
-11.860  0.340E-01
-11.850  0.362E-01
-11.840  0.384E-01
-11.830  0.408E-01
-11.820  0.432E-01
-11.810  0.459E-01
-11.800  0.486E-01
-11.790  0.514E-01
-11.780  0.544E-01
-11.770  0.576E-01
-11.760  0.608E-01
-11.750  0.642E-01
-11.740  0.678E-01
-11.730  0.716E-01
-11.720  0.754E-01
-11.710  0.794E-01
-11.700  0.836E-01
-11.690  0.880E-01
-11.680  0.926E-01
-11.670  0.972E-01
-11.660  0.102E+00
-11.650  0.107E+00
-11.640  0.112E+00
-11.630  0.118E+00
-11.620  0.123E+00
-11.610  0.129E+00
-11.600  0.135E+00
-11.590  0.141E+00
-11.580  0.148E+00
-11.570  0.154E+00
-11.560  0.161E+00
-11.550  0.168E+00
-11.540  0.175E+00
-11.530  0.182E+00
-11.520  0.190E+00
-11.510  0.197E+00
-11.500  0.206E+00
-11.490  0.214E+00
-11.480  0.222E+00
-11.470  0.230E+00
-11.460  0.238E+00
-11.450  0.248E+00
-11.440  0.256E+00
-11.430  0.266E+00
-11.420  0.274E+00
-11.410  0.284E+00
-11.400  0.294E+00
-11.390  0.304E+00
-11.380  0.314E+00
-11.370  0.324E+00
-11.360  0.334E+00
-11.350  0.344E+00
-11.340  0.354E+00
-11.330  0.364E+00
-11.320  0.374E+00
-11.310  0.386E+00
-11.300  0.396E+00
-11.290  0.406E+00
-11.280  0.418E+00
-11.270  0.428E+00
-11.260  0.440E+00
-11.250  0.450E+00
-11.240  0.462E+00
-11.230  0.472E+00
-11.220  0.484E+00
-11.210  0.494E+00
-11.200  0.506E+00
-11.190  0.516E+00
-11.180  0.526E+00
-11.170  0.538E+00
-11.160  0.548E+00
-11.150  0.558E+00
-11.140  0.570E+00
-11.130  0.580E+00
-11.120  0.590E+00
-11.110  0.600E+00
-11.100  0.610E+00
-11.090  0.620E+00
-11.080  0.630E+00
-11.070  0.640E+00
-11.060  0.650E+00
-11.050  0.660E+00
-11.040  0.668E+00
-11.030  0.678E+00
-11.020  0.686E+00
-11.010  0.696E+00
-11.000  0.704E+00
-10.990  0.712E+00
-10.980  0.720E+00
-10.970  0.728E+00
-10.960  0.736E+00
-10.950  0.744E+00
-10.940  0.750E+00
-10.930  0.758E+00
-10.920  0.764E+00
-10.910  0.770E+00
-10.900  0.776E+00
-10.890  0.782E+00
-10.880  0.788E+00
-10.870  0.794E+00
-10.860  0.800E+00
-10.850  0.804E+00
-10.840  0.810E+00
-10.830  0.814E+00
-10.820  0.818E+00
-10.810  0.822E+00
-10.800  0.826E+00
-10.790  0.830E+00
-10.780  0.834E+00
-10.770  0.836E+00
-10.760  0.840E+00
-10.750  0.842E+00
-10.740  0.846E+00
-10.730  0.848E+00
-10.720  0.850E+00
-10.710  0.852E+00
-10.700  0.854E+00
-10.690  0.856E+00
-10.680  0.858E+00
-10.670  0.860E+00
-10.660  0.860E+00
-10.650  0.862E+00
-10.640  0.862E+00
-10.630  0.864E+00
-10.620  0.864E+00
-10.610  0.866E+00
-10.600  0.866E+00
-10.590  0.866E+00
-10.580  0.868E+00
-10.570  0.868E+00
-10.560  0.868E+00
-10.550  0.868E+00
-10.540  0.868E+00
-10.530  0.868E+00
-10.520  0.870E+00
-10.510  0.870E+00
-10.500  0.870E+00
-10.490  0.870E+00
-10.480  0.870E+00
-10.470  0.870E+00
-10.460  0.870E+00
-10.450  0.870E+00
-10.440  0.870E+00
-10.430  0.870E+00
-10.420  0.870E+00
-10.410  0.870E+00
-10.400  0.872E+00
-10.390  0.872E+00
-10.380  0.872E+00
-10.370  0.872E+00
-10.360  0.872E+00
-10.350  0.872E+00
-10.340  0.874E+00
-10.330  0.874E+00
-10.320  0.874E+00
-10.310  0.876E+00
-10.300  0.876E+00
-10.290  0.876E+00
-10.280  0.878E+00
-10.270  0.878E+00
-10.260  0.878E+00
-10.250  0.880E+00
-10.240  0.880E+00
-10.230  0.882E+00
-10.220  0.882E+00
-10.210  0.884E+00
-10.200  0.884E+00
-10.190  0.886E+00
-10.180  0.887E+00
-10.170  0.888E+00
-10.160  0.890E+00
-10.150  0.890E+00
-10.140  0.892E+00
-10.130  0.892E+00
-10.120  0.894E+00
-10.110  0.894E+00
-10.100  0.896E+00
-10.090  0.896E+00
-10.080  0.898E+00
-10.070  0.898E+00
-10.060  0.900E+00
-10.050  0.900E+00
-10.040  0.900E+00
-10.030  0.902E+00
-10.020  0.902E+00
-10.010  0.902E+00
-10.000  0.902E+00
 -9.990  0.903E+00
 -9.980  0.904E+00
 -9.970  0.904E+00
 -9.960  0.902E+00
 -9.950  0.902E+00
 -9.940  0.902E+00
 -9.930  0.902E+00
 -9.920  0.900E+00
 -9.910  0.900E+00
 -9.900  0.898E+00
 -9.890  0.896E+00
 -9.880  0.896E+00
 -9.870  0.894E+00
 -9.860  0.892E+00
 -9.850  0.888E+00
 -9.840  0.886E+00
 -9.830  0.884E+00
 -9.820  0.880E+00
 -9.810  0.878E+00
 -9.800  0.874E+00
 -9.790  0.870E+00
 -9.780  0.866E+00
 -9.770  0.862E+00
 -9.760  0.856E+00
 -9.750  0.852E+00
 -9.740  0.846E+00
 -9.730  0.841E+00
 -9.720  0.836E+00
 -9.710  0.830E+00
 -9.700  0.822E+00
 -9.690  0.816E+00
 -9.680  0.810E+00
 -9.670  0.802E+00
 -9.660  0.794E+00
 -9.650  0.786E+00
 -9.640  0.778E+00
 -9.630  0.770E+00
 -9.620  0.762E+00
 -9.610  0.752E+00
 -9.600  0.744E+00
 -9.590  0.734E+00
 -9.580  0.724E+00
 -9.570  0.715E+00
 -9.560  0.704E+00
 -9.550  0.694E+00
 -9.540  0.684E+00
 -9.530  0.674E+00
 -9.520  0.662E+00
 -9.510  0.652E+00
 -9.500  0.640E+00
 -9.490  0.628E+00
 -9.480  0.618E+00
 -9.470  0.606E+00
 -9.460  0.594E+00
 -9.450  0.582E+00
 -9.440  0.570E+00
 -9.430  0.558E+00
 -9.420  0.546E+00
 -9.410  0.534E+00
 -9.400  0.520E+00
 -9.390  0.508E+00
 -9.380  0.496E+00
 -9.370  0.484E+00
 -9.360  0.472E+00
 -9.350  0.460E+00
 -9.340  0.447E+00
 -9.330  0.434E+00
 -9.320  0.422E+00
 -9.310  0.410E+00
 -9.300  0.398E+00
 -9.290  0.387E+00
 -9.280  0.376E+00
 -9.270  0.364E+00
 -9.260  0.352E+00
 -9.250  0.342E+00
 -9.240  0.330E+00
 -9.230  0.320E+00
 -9.220  0.308E+00
 -9.210  0.298E+00
 -9.200  0.288E+00
 -9.190  0.278E+00
 -9.180  0.268E+00
 -9.170  0.260E+00
 -9.160  0.250E+00
 -9.150  0.242E+00
 -9.140  0.234E+00
 -9.130  0.226E+00
 -9.120  0.218E+00
 -9.110  0.210E+00
 -9.100  0.202E+00
 -9.090  0.196E+00
 -9.080  0.189E+00
 -9.070  0.183E+00
 -9.060  0.177E+00
 -9.050  0.171E+00
 -9.040  0.166E+00
 -9.030  0.162E+00
 -9.020  0.157E+00
 -9.010  0.153E+00
 -9.000  0.150E+00
 -8.990  0.146E+00
 -8.980  0.143E+00
 -8.970  0.141E+00
 -8.960  0.139E+00
 -8.950  0.137E+00
 -8.940  0.136E+00
 -8.930  0.135E+00
 -8.920  0.134E+00
 -8.910  0.134E+00
 -8.900  0.134E+00
 -8.890  0.135E+00
 -8.880  0.135E+00
 -8.870  0.137E+00
 -8.860  0.138E+00
 -8.850  0.140E+00
 -8.840  0.143E+00
 -8.830  0.145E+00
 -8.820  0.148E+00
 -8.810  0.152E+00
 -8.800  0.155E+00
 -8.790  0.159E+00
 -8.780  0.163E+00
 -8.770  0.168E+00
 -8.760  0.173E+00
 -8.750  0.178E+00
 -8.740  0.183E+00
 -8.730  0.189E+00
 -8.720  0.195E+00
 -8.710  0.202E+00
 -8.700  0.208E+00
 -8.690  0.214E+00
 -8.680  0.222E+00
 -8.670  0.228E+00
 -8.660  0.236E+00
 -8.650  0.244E+00
 -8.640  0.252E+00
 -8.630  0.260E+00
 -8.620  0.268E+00
 -8.610  0.276E+00
 -8.600  0.284E+00
 -8.590  0.293E+00
 -8.580  0.302E+00
 -8.570  0.310E+00
 -8.560  0.320E+00
 -8.550  0.328E+00
 -8.540  0.338E+00
 -8.530  0.346E+00
 -8.520  0.356E+00
 -8.510  0.365E+00
 -8.500  0.374E+00
 -8.490  0.384E+00
 -8.480  0.392E+00
 -8.470  0.402E+00
 -8.460  0.412E+00
 -8.450  0.420E+00
 -8.440  0.430E+00
 -8.430  0.438E+00
 -8.420  0.448E+00
 -8.410  0.456E+00
 -8.400  0.466E+00
 -8.390  0.474E+00
 -8.380  0.483E+00
 -8.370  0.492E+00
 -8.360  0.500E+00
 -8.350  0.508E+00
 -8.340  0.516E+00
 -8.330  0.524E+00
 -8.320  0.532E+00
 -8.310  0.540E+00
 -8.300  0.546E+00
 -8.290  0.554E+00
 -8.280  0.561E+00
 -8.270  0.568E+00
 -8.260  0.574E+00
 -8.250  0.580E+00
 -8.240  0.586E+00
 -8.230  0.592E+00
 -8.220  0.598E+00
 -8.210  0.604E+00
 -8.200  0.608E+00
 -8.190  0.612E+00
 -8.180  0.618E+00
 -8.170  0.622E+00
 -8.160  0.626E+00
 -8.150  0.628E+00
 -8.140  0.632E+00
 -8.130  0.636E+00
 -8.120  0.638E+00
 -8.110  0.640E+00
 -8.100  0.642E+00
 -8.090  0.644E+00
 -8.080  0.646E+00
 -8.070  0.648E+00
 -8.060  0.648E+00
 -8.050  0.648E+00
 -8.040  0.650E+00
 -8.030  0.650E+00
 -8.020  0.650E+00
 -8.010  0.648E+00
 -8.000  0.648E+00
 -7.990  0.646E+00
 -7.980  0.646E+00
 -7.970  0.644E+00
 -7.960  0.642E+00
 -7.950  0.640E+00
 -7.940  0.638E+00
 -7.930  0.636E+00
 -7.920  0.634E+00
 -7.910  0.630E+00
 -7.900  0.628E+00
 -7.890  0.624E+00
 -7.880  0.620E+00
 -7.870  0.616E+00
 -7.860  0.612E+00
 -7.850  0.608E+00
 -7.840  0.604E+00
 -7.830  0.600E+00
 -7.820  0.596E+00
 -7.810  0.592E+00
 -7.800  0.586E+00
 -7.790  0.582E+00
 -7.780  0.576E+00
 -7.770  0.572E+00
 -7.760  0.566E+00
 -7.750  0.562E+00
 -7.740  0.556E+00
 -7.730  0.552E+00
 -7.720  0.546E+00
 -7.710  0.540E+00
 -7.700  0.536E+00
 -7.690  0.530E+00
 -7.680  0.524E+00
 -7.670  0.520E+00
 -7.660  0.514E+00
 -7.650  0.508E+00
 -7.640  0.502E+00
 -7.630  0.498E+00
 -7.620  0.492E+00
 -7.610  0.488E+00
 -7.600  0.482E+00
 -7.590  0.476E+00
 -7.580  0.472E+00
 -7.570  0.466E+00
 -7.560  0.462E+00
 -7.550  0.456E+00
 -7.540  0.452E+00
 -7.530  0.446E+00
 -7.520  0.442E+00
 -7.510  0.438E+00
 -7.500  0.432E+00
 -7.490  0.428E+00
 -7.480  0.424E+00
 -7.470  0.420E+00
 -7.460  0.416E+00
 -7.450  0.412E+00
 -7.440  0.408E+00
 -7.430  0.404E+00
 -7.420  0.400E+00
 -7.410  0.396E+00
 -7.400  0.392E+00
 -7.390  0.388E+00
 -7.380  0.386E+00
 -7.370  0.382E+00
 -7.360  0.378E+00
 -7.350  0.376E+00
 -7.340  0.372E+00
 -7.330  0.370E+00
 -7.320  0.366E+00
 -7.310  0.364E+00
 -7.300  0.360E+00
 -7.290  0.358E+00
 -7.280  0.356E+00
 -7.270  0.354E+00
 -7.260  0.350E+00
 -7.250  0.348E+00
 -7.240  0.346E+00
 -7.230  0.344E+00
 -7.220  0.342E+00
 -7.210  0.340E+00
 -7.200  0.338E+00
 -7.190  0.336E+00
 -7.180  0.334E+00
 -7.170  0.332E+00
 -7.160  0.330E+00
 -7.150  0.328E+00
 -7.140  0.326E+00
 -7.130  0.326E+00
 -7.120  0.324E+00
 -7.110  0.322E+00
 -7.100  0.320E+00
 -7.090  0.320E+00
 -7.080  0.318E+00
 -7.070  0.316E+00
 -7.060  0.316E+00
 -7.050  0.314E+00
 -7.040  0.312E+00
 -7.030  0.312E+00
 -7.020  0.310E+00
 -7.010  0.310E+00
 -7.000  0.308E+00
 -6.990  0.306E+00
 -6.980  0.306E+00
 -6.970  0.304E+00
 -6.960  0.304E+00
 -6.950  0.302E+00
 -6.940  0.302E+00
 -6.930  0.300E+00
 -6.920  0.300E+00
 -6.910  0.298E+00
 -6.900  0.298E+00
 -6.890  0.296E+00
 -6.880  0.296E+00
 -6.870  0.294E+00
 -6.860  0.294E+00
 -6.850  0.294E+00
 -6.840  0.292E+00
 -6.830  0.292E+00
 -6.820  0.290E+00
 -6.810  0.290E+00
 -6.800  0.288E+00
 -6.790  0.288E+00
 -6.780  0.288E+00
 -6.770  0.286E+00
 -6.760  0.286E+00
 -6.750  0.284E+00
 -6.740  0.284E+00
 -6.730  0.284E+00
 -6.720  0.282E+00
 -6.710  0.282E+00
 -6.700  0.280E+00
 -6.690  0.280E+00
 -6.680  0.280E+00
 -6.670  0.278E+00
 -6.660  0.278E+00
 -6.650  0.276E+00
 -6.640  0.276E+00
 -6.630  0.276E+00
 -6.620  0.274E+00
 -6.610  0.274E+00
 -6.600  0.274E+00
 -6.590  0.272E+00
 -6.580  0.272E+00
 -6.570  0.272E+00
 -6.560  0.270E+00
 -6.550  0.270E+00
 -6.540  0.270E+00
 -6.530  0.268E+00
 -6.520  0.268E+00
 -6.510  0.268E+00
 -6.500  0.266E+00
 -6.490  0.266E+00
 -6.480  0.266E+00
 -6.470  0.264E+00
 -6.460  0.264E+00
 -6.450  0.264E+00
 -6.440  0.262E+00
 -6.430  0.262E+00
 -6.420  0.262E+00
 -6.410  0.260E+00
 -6.400  0.260E+00
 -6.390  0.260E+00
 -6.380  0.258E+00
 -6.370  0.258E+00
 -6.360  0.258E+00
 -6.350  0.258E+00
 -6.340  0.256E+00
 -6.330  0.256E+00
 -6.320  0.256E+00
 -6.310  0.256E+00
 -6.300  0.254E+00
 -6.290  0.254E+00
 -6.280  0.254E+00
 -6.270  0.252E+00
 -6.260  0.252E+00
 -6.250  0.252E+00
 -6.240  0.252E+00
 -6.230  0.251E+00
 -6.220  0.250E+00
 -6.210  0.250E+00
 -6.200  0.250E+00
 -6.190  0.250E+00
 -6.180  0.248E+00
 -6.170  0.248E+00
 -6.160  0.248E+00
 -6.150  0.248E+00
 -6.140  0.248E+00
 -6.130  0.246E+00
 -6.120  0.246E+00
 -6.110  0.246E+00
 -6.100  0.246E+00
 -6.090  0.246E+00
 -6.080  0.244E+00
 -6.070  0.244E+00
 -6.060  0.244E+00
 -6.050  0.244E+00
 -6.040  0.244E+00
 -6.030  0.242E+00
 -6.020  0.242E+00
 -6.010  0.242E+00
 -6.000  0.242E+00
 -5.990  0.242E+00
 -5.980  0.242E+00
 -5.970  0.240E+00
 -5.960  0.240E+00
 -5.950  0.240E+00
 -5.940  0.240E+00
 -5.930  0.240E+00
 -5.920  0.238E+00
 -5.910  0.238E+00
 -5.900  0.238E+00
 -5.890  0.238E+00
 -5.880  0.238E+00
 -5.870  0.238E+00
 -5.860  0.236E+00
 -5.850  0.236E+00
 -5.840  0.236E+00
 -5.830  0.236E+00
 -5.820  0.236E+00
 -5.810  0.234E+00
 -5.800  0.234E+00
 -5.790  0.234E+00
 -5.780  0.234E+00
 -5.770  0.232E+00
 -5.760  0.232E+00
 -5.750  0.232E+00
 -5.740  0.230E+00
 -5.730  0.230E+00
 -5.720  0.230E+00
 -5.710  0.230E+00
 -5.700  0.228E+00
 -5.690  0.228E+00
 -5.680  0.226E+00
 -5.670  0.226E+00
 -5.660  0.226E+00
 -5.650  0.224E+00
 -5.640  0.224E+00
 -5.630  0.222E+00
 -5.620  0.222E+00
 -5.610  0.220E+00
 -5.600  0.220E+00
 -5.590  0.218E+00
 -5.580  0.218E+00
 -5.570  0.216E+00
 -5.560  0.214E+00
 -5.550  0.214E+00
 -5.540  0.212E+00
 -5.530  0.210E+00
 -5.520  0.210E+00
 -5.510  0.208E+00
 -5.500  0.206E+00
 -5.490  0.204E+00
 -5.480  0.202E+00
 -5.470  0.202E+00
 -5.460  0.199E+00
 -5.450  0.198E+00
 -5.440  0.196E+00
 -5.430  0.194E+00
 -5.420  0.192E+00
 -5.410  0.190E+00
 -5.400  0.187E+00
 -5.390  0.185E+00
 -5.380  0.183E+00
 -5.370  0.181E+00
 -5.360  0.178E+00
 -5.350  0.176E+00
 -5.340  0.173E+00
 -5.330  0.171E+00
 -5.320  0.168E+00
 -5.310  0.165E+00
 -5.300  0.162E+00
 -5.290  0.160E+00
 -5.280  0.157E+00
 -5.270  0.154E+00
 -5.260  0.151E+00
 -5.250  0.148E+00
 -5.240  0.145E+00
 -5.230  0.142E+00
 -5.220  0.139E+00
 -5.210  0.136E+00
 -5.200  0.132E+00
 -5.190  0.129E+00
 -5.180  0.126E+00
 -5.170  0.123E+00
 -5.160  0.119E+00
 -5.150  0.116E+00
 -5.140  0.113E+00
 -5.130  0.109E+00
 -5.120  0.106E+00
 -5.110  0.103E+00
 -5.100  0.992E-01
 -5.090  0.958E-01
 -5.080  0.924E-01
 -5.070  0.890E-01
 -5.060  0.858E-01
 -5.050  0.824E-01
 -5.040  0.790E-01
 -5.030  0.758E-01
 -5.020  0.724E-01
 -5.010  0.692E-01
 -5.000  0.660E-01
 -4.990  0.628E-01
 -4.980  0.598E-01
 -4.970  0.566E-01
 -4.960  0.536E-01
 -4.950  0.506E-01
 -4.940  0.476E-01
 -4.930  0.448E-01
 -4.920  0.418E-01
 -4.910  0.390E-01
 -4.900  0.364E-01
 -4.890  0.338E-01
 -4.880  0.312E-01
 -4.870  0.286E-01
 -4.860  0.262E-01
 -4.850  0.238E-01
 -4.840  0.216E-01
 -4.830  0.193E-01
 -4.820  0.171E-01
 -4.810  0.151E-01
 -4.800  0.131E-01
 -4.790  0.112E-01
 -4.780  0.938E-02
 -4.770  0.764E-02
 -4.760  0.598E-02
 -4.750  0.442E-02
 -4.740  0.292E-02
 -4.730  0.152E-02
 -4.720  0.200E-03
 -4.710 -0.104E-02
 -4.700 -0.220E-02
 -4.690 -0.326E-02
 -4.680 -0.426E-02
 -4.670 -0.516E-02
 -4.660 -0.600E-02
 -4.650 -0.674E-02
 -4.640 -0.742E-02
 -4.630 -0.802E-02
 -4.620 -0.856E-02
 -4.610 -0.900E-02
 -4.600 -0.938E-02
 -4.590 -0.970E-02
 -4.580 -0.995E-02
 -4.570 -0.101E-01
 -4.560 -0.103E-01
 -4.550 -0.103E-01
 -4.540 -0.103E-01
 -4.530 -0.102E-01
 -4.520 -0.101E-01
 -4.510 -0.996E-02
 -4.500 -0.975E-02
 -4.490 -0.948E-02
 -4.480 -0.918E-02
 -4.470 -0.882E-02
 -4.460 -0.842E-02
 -4.450 -0.798E-02
 -4.440 -0.752E-02
 -4.430 -0.701E-02
 -4.420 -0.647E-02
 -4.410 -0.590E-02
 -4.400 -0.530E-02
 -4.390 -0.468E-02
 -4.380 -0.402E-02
 -4.370 -0.336E-02
 -4.360 -0.266E-02
 -4.350 -0.195E-02
 -4.340 -0.122E-02
 -4.330 -0.479E-03
 -4.320  0.279E-03
 -4.310  0.105E-02
 -4.300  0.183E-02
 -4.290  0.262E-02
 -4.280  0.342E-02
 -4.270  0.422E-02
 -4.260  0.502E-02
 -4.250  0.584E-02
 -4.240  0.666E-02
 -4.230  0.748E-02
 -4.220  0.830E-02
 -4.210  0.912E-02
 -4.200  0.994E-02
 -4.190  0.108E-01
 -4.180  0.116E-01
 -4.170  0.124E-01
 -4.160  0.132E-01
 -4.150  0.140E-01
 -4.140  0.148E-01
 -4.130  0.156E-01
 -4.120  0.164E-01
 -4.110  0.172E-01
 -4.100  0.180E-01
 -4.090  0.188E-01
 -4.080  0.196E-01
 -4.070  0.204E-01
 -4.060  0.212E-01
 -4.050  0.220E-01
 -4.040  0.226E-01
 -4.030  0.234E-01
 -4.020  0.242E-01
 -4.010  0.250E-01
 -4.000  0.258E-01
 -3.990  0.264E-01
 -3.980  0.272E-01
 -3.970  0.280E-01
 -3.960  0.288E-01
 -3.950  0.294E-01
 -3.940  0.302E-01
 -3.930  0.310E-01
 -3.920  0.318E-01
 -3.910  0.324E-01
 -3.900  0.332E-01
 -3.890  0.340E-01
 -3.880  0.348E-01
 -3.870  0.356E-01
 -3.860  0.362E-01
 -3.850  0.370E-01
 -3.840  0.378E-01
 -3.830  0.386E-01
 -3.820  0.394E-01
 -3.810  0.402E-01
 -3.800  0.410E-01
 -3.790  0.418E-01
 -3.780  0.426E-01
 -3.770  0.434E-01
 -3.760  0.442E-01
 -3.750  0.450E-01
 -3.740  0.458E-01
 -3.730  0.466E-01
 -3.720  0.474E-01
 -3.710  0.484E-01
 -3.700  0.492E-01
 -3.690  0.500E-01
 -3.680  0.510E-01
 -3.670  0.518E-01
 -3.660  0.526E-01
 -3.650  0.536E-01
 -3.640  0.544E-01
 -3.630  0.554E-01
 -3.620  0.564E-01
 -3.610  0.572E-01
 -3.600  0.582E-01
 -3.590  0.592E-01
 -3.580  0.602E-01
 -3.570  0.610E-01
 -3.560  0.620E-01
 -3.550  0.630E-01
 -3.540  0.640E-01
 -3.530  0.650E-01
 -3.520  0.660E-01
 -3.510  0.670E-01
 -3.500  0.680E-01
 -3.490  0.690E-01
 -3.480  0.700E-01
 -3.470  0.710E-01
 -3.460  0.722E-01
 -3.450  0.732E-01
 -3.440  0.742E-01
 -3.430  0.752E-01
 -3.420  0.762E-01
 -3.410  0.772E-01
 -3.400  0.782E-01
 -3.390  0.794E-01
 -3.380  0.804E-01
 -3.370  0.814E-01
 -3.360  0.824E-01
 -3.350  0.834E-01
 -3.340  0.844E-01
 -3.330  0.854E-01
 -3.320  0.864E-01
 -3.310  0.874E-01
 -3.300  0.883E-01
 -3.290  0.892E-01
 -3.280  0.902E-01
 -3.270  0.912E-01
 -3.260  0.920E-01
 -3.250  0.930E-01
 -3.240  0.938E-01
 -3.230  0.946E-01
 -3.220  0.954E-01
 -3.210  0.964E-01
 -3.200  0.972E-01
 -3.190  0.978E-01
 -3.180  0.986E-01
 -3.170  0.994E-01
 -3.160  0.100E+00
 -3.150  0.101E+00
 -3.140  0.101E+00
 -3.130  0.102E+00
 -3.120  0.103E+00
 -3.110  0.103E+00
 -3.100  0.104E+00
 -3.090  0.104E+00
 -3.080  0.104E+00
 -3.070  0.105E+00
 -3.060  0.105E+00
 -3.050  0.106E+00
 -3.040  0.106E+00
 -3.030  0.106E+00
 -3.020  0.106E+00
 -3.010  0.106E+00
 -3.000  0.106E+00
 -2.990  0.107E+00
 -2.980  0.107E+00
 -2.970  0.107E+00
 -2.960  0.106E+00
 -2.950  0.106E+00
 -2.940  0.106E+00
 -2.930  0.106E+00
 -2.920  0.106E+00
 -2.910  0.105E+00
 -2.900  0.105E+00
 -2.890  0.105E+00
 -2.880  0.104E+00
 -2.870  0.104E+00
 -2.860  0.103E+00
 -2.850  0.103E+00
 -2.840  0.102E+00
 -2.830  0.101E+00
 -2.820  0.101E+00
 -2.810  0.998E-01
 -2.800  0.990E-01
 -2.790  0.982E-01
 -2.780  0.972E-01
 -2.770  0.962E-01
 -2.760  0.954E-01
 -2.750  0.942E-01
 -2.740  0.932E-01
 -2.730  0.922E-01
 -2.720  0.910E-01
 -2.710  0.898E-01
 -2.700  0.886E-01
 -2.690  0.874E-01
 -2.680  0.862E-01
 -2.670  0.850E-01
 -2.660  0.836E-01
 -2.650  0.822E-01
 -2.640  0.810E-01
 -2.630  0.796E-01
 -2.620  0.782E-01
 -2.610  0.768E-01
 -2.600  0.754E-01
 -2.590  0.738E-01
 -2.580  0.724E-01
 -2.570  0.710E-01
 -2.560  0.694E-01
 -2.550  0.680E-01
 -2.540  0.666E-01
 -2.530  0.650E-01
 -2.520  0.636E-01
 -2.510  0.620E-01
 -2.500  0.606E-01
 -2.490  0.592E-01
 -2.480  0.576E-01
 -2.470  0.562E-01
 -2.460  0.548E-01
 -2.450  0.534E-01
 -2.440  0.520E-01
 -2.430  0.506E-01
 -2.420  0.492E-01
 -2.410  0.478E-01
 -2.400  0.464E-01
 -2.390  0.452E-01
 -2.380  0.440E-01
 -2.370  0.426E-01
 -2.360  0.414E-01
 -2.350  0.402E-01
 -2.340  0.390E-01
 -2.330  0.380E-01
 -2.320  0.368E-01
 -2.310  0.358E-01
 -2.300  0.348E-01
 -2.290  0.338E-01
 -2.280  0.328E-01
 -2.270  0.320E-01
 -2.260  0.312E-01
 -2.250  0.304E-01
 -2.240  0.296E-01
 -2.230  0.288E-01
 -2.220  0.282E-01
 -2.210  0.276E-01
 -2.200  0.270E-01
 -2.190  0.266E-01
 -2.180  0.260E-01
 -2.170  0.256E-01
 -2.160  0.252E-01
 -2.150  0.250E-01
 -2.140  0.246E-01
 -2.130  0.244E-01
 -2.120  0.244E-01
 -2.110  0.242E-01
 -2.100  0.242E-01
 -2.090  0.242E-01
 -2.080  0.242E-01
 -2.070  0.244E-01
 -2.060  0.246E-01
 -2.050  0.248E-01
 -2.040  0.250E-01
 -2.030  0.254E-01
 -2.020  0.258E-01
 -2.010  0.262E-01
 -2.000  0.268E-01
 -1.990  0.274E-01
 -1.980  0.280E-01
 -1.970  0.286E-01
 -1.960  0.294E-01
 -1.950  0.300E-01
 -1.940  0.308E-01
 -1.930  0.318E-01
 -1.920  0.326E-01
 -1.910  0.336E-01
 -1.900  0.347E-01
 -1.890  0.358E-01
 -1.880  0.368E-01
 -1.870  0.380E-01
 -1.860  0.392E-01
 -1.850  0.406E-01
 -1.840  0.418E-01
 -1.830  0.432E-01
 -1.820  0.446E-01
 -1.810  0.460E-01
 -1.800  0.474E-01
 -1.790  0.490E-01
 -1.780  0.506E-01
 -1.770  0.522E-01
 -1.760  0.538E-01
 -1.750  0.554E-01
 -1.740  0.570E-01
 -1.730  0.588E-01
 -1.720  0.606E-01
 -1.710  0.624E-01
 -1.700  0.642E-01
 -1.690  0.660E-01
 -1.680  0.678E-01
 -1.670  0.696E-01
 -1.660  0.716E-01
 -1.650  0.734E-01
 -1.640  0.754E-01
 -1.630  0.772E-01
 -1.620  0.792E-01
 -1.610  0.812E-01
 -1.600  0.832E-01
 -1.590  0.852E-01
 -1.580  0.872E-01
 -1.570  0.890E-01
 -1.560  0.910E-01
 -1.550  0.930E-01
 -1.540  0.950E-01
 -1.530  0.970E-01
 -1.520  0.990E-01
 -1.510  0.101E+00
 -1.500  0.103E+00
 -1.490  0.105E+00
 -1.480  0.107E+00
 -1.470  0.109E+00
 -1.460  0.111E+00
 -1.450  0.113E+00
 -1.440  0.115E+00
 -1.430  0.117E+00
 -1.420  0.119E+00
 -1.410  0.120E+00
 -1.400  0.122E+00
 -1.390  0.124E+00
 -1.380  0.126E+00
 -1.370  0.128E+00
 -1.360  0.130E+00
 -1.350  0.131E+00
 -1.340  0.133E+00
 -1.330  0.135E+00
 -1.320  0.136E+00
 -1.310  0.138E+00
 -1.300  0.140E+00
 -1.290  0.141E+00
 -1.280  0.143E+00
 -1.270  0.145E+00
 -1.260  0.146E+00
 -1.250  0.148E+00
 -1.240  0.149E+00
 -1.230  0.151E+00
 -1.220  0.153E+00
 -1.210  0.154E+00
 -1.200  0.155E+00
 -1.190  0.157E+00
 -1.180  0.158E+00
 -1.170  0.160E+00
 -1.160  0.161E+00
 -1.150  0.163E+00
 -1.140  0.164E+00
 -1.130  0.166E+00
 -1.120  0.167E+00
 -1.110  0.168E+00
 -1.100  0.170E+00
 -1.090  0.171E+00
 -1.080  0.172E+00
 -1.070  0.174E+00
 -1.060  0.175E+00
 -1.050  0.176E+00
 -1.040  0.178E+00
 -1.030  0.179E+00
 -1.020  0.181E+00
 -1.010  0.182E+00
 -1.000  0.183E+00
 -0.990  0.185E+00
 -0.980  0.186E+00
 -0.970  0.188E+00
 -0.960  0.189E+00
 -0.950  0.190E+00
 -0.940  0.192E+00
 -0.930  0.193E+00
 -0.920  0.195E+00
 -0.910  0.196E+00
 -0.900  0.198E+00
 -0.890  0.199E+00
 -0.880  0.200E+00
 -0.870  0.202E+00
 -0.860  0.204E+00
 -0.850  0.206E+00
 -0.840  0.206E+00
 -0.830  0.208E+00
 -0.820  0.210E+00
 -0.810  0.212E+00
 -0.800  0.214E+00
 -0.790  0.214E+00
 -0.780  0.216E+00
 -0.770  0.218E+00
 -0.760  0.220E+00
 -0.750  0.222E+00
 -0.740  0.222E+00
 -0.730  0.224E+00
 -0.720  0.226E+00
 -0.710  0.228E+00
 -0.700  0.230E+00
 -0.690  0.232E+00
 -0.680  0.232E+00
 -0.670  0.234E+00
 -0.660  0.236E+00
 -0.650  0.238E+00
 -0.640  0.240E+00
 -0.630  0.242E+00
 -0.620  0.242E+00
 -0.610  0.244E+00
 -0.600  0.246E+00
 -0.590  0.248E+00
 -0.580  0.248E+00
 -0.570  0.250E+00
 -0.560  0.252E+00
 -0.550  0.254E+00
 -0.540  0.254E+00
 -0.530  0.256E+00
 -0.520  0.258E+00
 -0.510  0.258E+00
 -0.500  0.260E+00
 -0.490  0.260E+00
 -0.480  0.262E+00
 -0.470  0.262E+00
 -0.460  0.264E+00
 -0.450  0.264E+00
 -0.440  0.266E+00
 -0.430  0.266E+00
 -0.420  0.268E+00
 -0.410  0.268E+00
 -0.400  0.268E+00
 -0.390  0.270E+00
 -0.380  0.270E+00
 -0.370  0.270E+00
 -0.360  0.270E+00
 -0.350  0.270E+00
 -0.340  0.270E+00
 -0.330  0.270E+00
 -0.320  0.272E+00
 -0.310  0.272E+00
 -0.300  0.270E+00
 -0.290  0.270E+00
 -0.280  0.270E+00
 -0.270  0.270E+00
 -0.260  0.270E+00
 -0.250  0.270E+00
 -0.240  0.268E+00
 -0.230  0.268E+00
 -0.220  0.268E+00
 -0.210  0.266E+00
 -0.200  0.266E+00
 -0.190  0.266E+00
 -0.180  0.264E+00
 -0.170  0.262E+00
 -0.160  0.262E+00
 -0.150  0.260E+00
 -0.140  0.260E+00
 -0.130  0.258E+00
 -0.120  0.256E+00
 -0.110  0.256E+00
 -0.100  0.254E+00
 -0.090  0.252E+00
 -0.080  0.250E+00
 -0.070  0.248E+00
 -0.060  0.247E+00
 -0.050  0.246E+00
 -0.040  0.244E+00
 -0.030  0.242E+00
 -0.020  0.240E+00
 -0.010  0.238E+00
 -0.000  0.236E+00
  0.010  0.234E+00
  0.020  0.232E+00
  0.030  0.230E+00
  0.040  0.226E+00
  0.050  0.224E+00
  0.060  0.222E+00
  0.070  0.220E+00
  0.080  0.218E+00
  0.090  0.216E+00
  0.100  0.214E+00
  0.110  0.210E+00
  0.120  0.208E+00
  0.130  0.206E+00
  0.140  0.204E+00
  0.150  0.202E+00
  0.160  0.199E+00
  0.170  0.196E+00
  0.180  0.194E+00
  0.190  0.191E+00
  0.200  0.189E+00
  0.210  0.187E+00
  0.220  0.184E+00
  0.230  0.182E+00
  0.240  0.179E+00
  0.250  0.177E+00
  0.260  0.175E+00
  0.270  0.172E+00
  0.280  0.170E+00
  0.290  0.167E+00
  0.300  0.165E+00
  0.310  0.163E+00
  0.320  0.161E+00
  0.330  0.158E+00
  0.340  0.156E+00
  0.350  0.154E+00
  0.360  0.152E+00
  0.370  0.150E+00
  0.380  0.148E+00
  0.390  0.146E+00
  0.400  0.143E+00
  0.410  0.141E+00
  0.420  0.140E+00
  0.430  0.138E+00
  0.440  0.136E+00
  0.450  0.134E+00
  0.460  0.132E+00
  0.470  0.130E+00
  0.480  0.129E+00
  0.490  0.127E+00
  0.500  0.125E+00
  0.510  0.124E+00
  0.520  0.122E+00
  0.530  0.121E+00
  0.540  0.119E+00
  0.550  0.118E+00
  0.560  0.117E+00
  0.570  0.115E+00
  0.580  0.114E+00
  0.590  0.113E+00
  0.600  0.112E+00
  0.610  0.111E+00
  0.620  0.109E+00
  0.630  0.108E+00
  0.640  0.107E+00
  0.650  0.106E+00
  0.660  0.106E+00
  0.670  0.105E+00
  0.680  0.104E+00
  0.690  0.103E+00
  0.700  0.102E+00
  0.710  0.102E+00
  0.720  0.101E+00
  0.730  0.101E+00
  0.740  0.100E+00
  0.750  0.996E-01
  0.760  0.990E-01
  0.770  0.986E-01
  0.780  0.982E-01
  0.790  0.980E-01
  0.800  0.976E-01
  0.810  0.974E-01
  0.820  0.970E-01
  0.830  0.968E-01
  0.840  0.966E-01
  0.850  0.966E-01
  0.860  0.964E-01
  0.870  0.962E-01
  0.880  0.962E-01
  0.890  0.962E-01
  0.900  0.962E-01
  0.910  0.962E-01
  0.920  0.962E-01
  0.930  0.962E-01
  0.940  0.964E-01
  0.950  0.964E-01
  0.960  0.966E-01
  0.970  0.966E-01
  0.980  0.968E-01
  0.990  0.970E-01
  1.000  0.972E-01
  1.010  0.974E-01
  1.020  0.976E-01
  1.030  0.978E-01
  1.040  0.980E-01
  1.050  0.982E-01
  1.060  0.984E-01
  1.070  0.986E-01
  1.080  0.988E-01
  1.090  0.992E-01
  1.100  0.994E-01
  1.110  0.996E-01
  1.120  0.998E-01
  1.130  0.100E+00
  1.140  0.100E+00
  1.150  0.101E+00
  1.160  0.101E+00
  1.170  0.101E+00
  1.180  0.101E+00
  1.190  0.102E+00
  1.200  0.102E+00
  1.210  0.102E+00
  1.220  0.102E+00
  1.230  0.102E+00
  1.240  0.103E+00
  1.250  0.103E+00
  1.260  0.103E+00
  1.270  0.103E+00
  1.280  0.103E+00
  1.290  0.103E+00
  1.300  0.103E+00
  1.310  0.104E+00
  1.320  0.104E+00
  1.330  0.104E+00
  1.340  0.104E+00
  1.350  0.104E+00
  1.360  0.104E+00
  1.370  0.104E+00
  1.380  0.104E+00
  1.390  0.104E+00
  1.400  0.104E+00
  1.410  0.104E+00
  1.420  0.104E+00
  1.430  0.104E+00
  1.440  0.104E+00
  1.450  0.104E+00
  1.460  0.104E+00
  1.470  0.104E+00
  1.480  0.103E+00
  1.490  0.103E+00
  1.500  0.103E+00
  1.510  0.103E+00
  1.520  0.103E+00
  1.530  0.103E+00
  1.540  0.102E+00
  1.550  0.102E+00
  1.560  0.102E+00
  1.570  0.102E+00
  1.580  0.102E+00
  1.590  0.101E+00
  1.600  0.101E+00
  1.610  0.101E+00
  1.620  0.101E+00
  1.630  0.100E+00
  1.640  0.100E+00
  1.650  0.998E-01
  1.660  0.996E-01
  1.670  0.992E-01
  1.680  0.990E-01
  1.690  0.986E-01
  1.700  0.984E-01
  1.710  0.980E-01
  1.720  0.978E-01
  1.730  0.974E-01
  1.740  0.970E-01
  1.750  0.968E-01
  1.760  0.964E-01
  1.770  0.962E-01
  1.780  0.958E-01
  1.790  0.954E-01
  1.800  0.952E-01
  1.810  0.948E-01
  1.820  0.944E-01
  1.830  0.942E-01
  1.840  0.938E-01
  1.850  0.934E-01
  1.860  0.932E-01
  1.870  0.928E-01
  1.880  0.924E-01
  1.890  0.922E-01
  1.900  0.918E-01
  1.910  0.914E-01
  1.920  0.912E-01
  1.930  0.908E-01
  1.940  0.904E-01
  1.950  0.900E-01
  1.960  0.898E-01
  1.970  0.894E-01
  1.980  0.890E-01
  1.990  0.886E-01
  2.000  0.884E-01
  2.010  0.880E-01
  2.020  0.876E-01
  2.030  0.872E-01
  2.040  0.868E-01
  2.050  0.864E-01
  2.060  0.862E-01
  2.070  0.858E-01
  2.080  0.854E-01
  2.090  0.850E-01
  2.100  0.846E-01
  2.110  0.842E-01
  2.120  0.838E-01
  2.130  0.834E-01
  2.140  0.830E-01
  2.150  0.826E-01
  2.160  0.822E-01
  2.170  0.818E-01
  2.180  0.812E-01
  2.190  0.808E-01
  2.200  0.804E-01
  2.210  0.800E-01
  2.220  0.796E-01
  2.230  0.790E-01
  2.240  0.786E-01
  2.250  0.782E-01
  2.260  0.776E-01
  2.270  0.772E-01
  2.280  0.767E-01
  2.290  0.762E-01
  2.300  0.757E-01
  2.310  0.752E-01
  2.320  0.747E-01
  2.330  0.742E-01
  2.340  0.736E-01
  2.350  0.732E-01
  2.360  0.726E-01
  2.370  0.720E-01
  2.380  0.716E-01
  2.390  0.710E-01
  2.400  0.704E-01
  2.410  0.698E-01
  2.420  0.692E-01
  2.430  0.687E-01
  2.440  0.682E-01
  2.450  0.676E-01
  2.460  0.670E-01
  2.470  0.664E-01
  2.480  0.658E-01
  2.490  0.652E-01
  2.500  0.646E-01
  2.510  0.640E-01
  2.520  0.634E-01
  2.530  0.627E-01
  2.540  0.620E-01
  2.550  0.614E-01
  2.560  0.608E-01
  2.570  0.602E-01
  2.580  0.596E-01
  2.590  0.589E-01
  2.600  0.582E-01
  2.610  0.576E-01
  2.620  0.570E-01
  2.630  0.562E-01
  2.640  0.556E-01
  2.650  0.550E-01
  2.660  0.543E-01
  2.670  0.536E-01
  2.680  0.530E-01
  2.690  0.523E-01
  2.700  0.516E-01
  2.710  0.510E-01
  2.720  0.502E-01
  2.730  0.496E-01
  2.740  0.490E-01
  2.750  0.482E-01
  2.760  0.476E-01
  2.770  0.468E-01
  2.780  0.462E-01
  2.790  0.456E-01
  2.800  0.448E-01
  2.810  0.442E-01
  2.820  0.434E-01
  2.830  0.428E-01
  2.840  0.420E-01
  2.850  0.414E-01
  2.860  0.408E-01
  2.870  0.400E-01
  2.880  0.394E-01
  2.890  0.386E-01
  2.900  0.380E-01
  2.910  0.372E-01
  2.920  0.366E-01
  2.930  0.358E-01
  2.940  0.352E-01
  2.950  0.344E-01
  2.960  0.338E-01
  2.970  0.330E-01
  2.980  0.324E-01
  2.990  0.316E-01
  3.000  0.310E-01
  3.010  0.302E-01
  3.020  0.296E-01
  3.030  0.288E-01
  3.040  0.282E-01
  3.050  0.274E-01
  3.060  0.268E-01
  3.070  0.260E-01
  3.080  0.254E-01
  3.090  0.246E-01
  3.100  0.240E-01
  3.110  0.232E-01
  3.120  0.226E-01
  3.130  0.218E-01
  3.140  0.212E-01
  3.150  0.204E-01
  3.160  0.198E-01
  3.170  0.191E-01
  3.180  0.184E-01
  3.190  0.177E-01
  3.200  0.171E-01
  3.210  0.164E-01
  3.220  0.157E-01
  3.230  0.151E-01
  3.240  0.144E-01
  3.250  0.138E-01
  3.260  0.131E-01
  3.270  0.125E-01
  3.280  0.118E-01
  3.290  0.112E-01
  3.300  0.106E-01
  3.310  0.999E-02
  3.320  0.939E-02
  3.330  0.879E-02
  3.340  0.821E-02
  3.350  0.764E-02
  3.360  0.707E-02
  3.370  0.652E-02
  3.380  0.598E-02
  3.390  0.545E-02
  3.400  0.493E-02
  3.410  0.442E-02
  3.420  0.393E-02
  3.430  0.344E-02
  3.440  0.298E-02
  3.450  0.252E-02
  3.460  0.208E-02
  3.470  0.165E-02
  3.480  0.124E-02
  3.490  0.840E-03
  3.500  0.456E-03
  3.510  0.852E-04
  3.520 -0.271E-03
  3.530 -0.612E-03
  3.540 -0.939E-03
  3.550 -0.125E-02
  3.560 -0.155E-02
  3.570 -0.183E-02
  3.580 -0.210E-02
  3.590 -0.234E-02
  3.600 -0.258E-02
  3.610 -0.280E-02
  3.620 -0.302E-02
  3.630 -0.322E-02
  3.640 -0.340E-02
  3.650 -0.356E-02
  3.660 -0.372E-02
  3.670 -0.386E-02
  3.680 -0.398E-02
  3.690 -0.410E-02
  3.700 -0.420E-02
  3.710 -0.428E-02
  3.720 -0.436E-02
  3.730 -0.444E-02
  3.740 -0.448E-02
  3.750 -0.454E-02
  3.760 -0.456E-02
  3.770 -0.458E-02
  3.780 -0.460E-02
  3.790 -0.462E-02
  3.800 -0.460E-02
  3.810 -0.460E-02
  3.820 -0.458E-02
  3.830 -0.456E-02
  3.840 -0.452E-02
  3.850 -0.448E-02
  3.860 -0.444E-02
  3.870 -0.438E-02
  3.880 -0.432E-02
  3.890 -0.426E-02
  3.900 -0.420E-02
  3.910 -0.412E-02
  3.920 -0.404E-02
  3.930 -0.398E-02
  3.940 -0.388E-02
  3.950 -0.380E-02
  3.960 -0.372E-02
  3.970 -0.364E-02
  3.980 -0.354E-02
  3.990 -0.344E-02
  4.000 -0.336E-02
  4.010 -0.326E-02
  4.020 -0.316E-02
  4.030 -0.308E-02
  4.040 -0.298E-02
  4.050 -0.288E-02
  4.060 -0.280E-02
  4.070 -0.270E-02
  4.080 -0.260E-02
  4.090 -0.252E-02
  4.100 -0.242E-02
  4.110 -0.234E-02
  4.120 -0.224E-02
  4.130 -0.216E-02
  4.140 -0.208E-02
  4.150 -0.199E-02
  4.160 -0.190E-02
  4.170 -0.182E-02
  4.180 -0.175E-02
  4.190 -0.167E-02
  4.200 -0.160E-02
  4.210 -0.152E-02
  4.220 -0.145E-02
  4.230 -0.138E-02
  4.240 -0.132E-02
  4.250 -0.125E-02
  4.260 -0.119E-02
  4.270 -0.113E-02
  4.280 -0.108E-02
  4.290 -0.102E-02
  4.300 -0.968E-03
  4.310 -0.916E-03
  4.320 -0.867E-03
  4.330 -0.820E-03
  4.340 -0.774E-03
  4.350 -0.732E-03
  4.360 -0.690E-03
  4.370 -0.650E-03
  4.380 -0.612E-03
  4.390 -0.576E-03
  4.400 -0.542E-03
  4.410 -0.510E-03
  4.420 -0.480E-03
  4.430 -0.450E-03
  4.440 -0.422E-03
  4.450 -0.396E-03
  4.460 -0.370E-03
  4.470 -0.346E-03
  4.480 -0.324E-03
  4.490 -0.302E-03
  4.500 -0.282E-03
  4.510 -0.264E-03
  4.520 -0.246E-03
  4.530 -0.230E-03
  4.540 -0.214E-03
  4.550 -0.199E-03
  4.560 -0.185E-03
  4.570 -0.172E-03
  4.580 -0.159E-03
  4.590 -0.148E-03
  4.600 -0.137E-03
  4.610 -0.127E-03
  4.620 -0.118E-03
  4.630 -0.109E-03
  4.640 -0.101E-03
  4.650 -0.930E-04
  4.660 -0.858E-04
  4.670 -0.792E-04
  4.680 -0.730E-04
  4.690 -0.674E-04
  4.700 -0.620E-04
  4.710 -0.570E-04
  4.720 -0.524E-04
  4.730 -0.482E-04
  4.740 -0.444E-04
  4.750 -0.406E-04
  4.760 -0.372E-04
  4.770 -0.342E-04
  4.780 -0.314E-04
  4.790 -0.286E-04
  4.800 -0.262E-04
  4.810 -0.240E-04
  4.820 -0.220E-04
  4.830 -0.200E-04
  4.840 -0.182E-04
  4.850 -0.166E-04
  4.860 -0.152E-04
  4.870 -0.138E-04
  4.880 -0.126E-04
  4.890 -0.114E-04
  4.900 -0.104E-04
  4.910 -0.944E-05
  4.920 -0.856E-05
  4.930 -0.776E-05
  4.940 -0.704E-05
  4.950 -0.638E-05
  4.960 -0.578E-05
  4.970 -0.522E-05
  4.980 -0.472E-05
  4.990 -0.428E-05
  5.000 -0.386E-05
  5.010 -0.348E-05
  5.020 -0.314E-05
  5.030 -0.284E-05
